"FoodID","PreparationMethodID","FatReferenceFoodID"
1,1,
1,29,
2,1,
2,12,
2,29,
3,1,
3,12,
3,17,
3,29,
4,1,
4,12,
4,17,
4,29,
5,1,
5,12,
5,17,
7,1,
7,12,
7,29,
8,1,
8,12,
8,29,
9,1,
9,12,
9,29,
10,1,
10,12,
10,29,
11,1,
11,29,
12,1,
12,12,
12,17,
12,29,
13,1,
13,12,
13,17,
13,29,
14,1,
14,29,
17,1,
17,12,
17,29,
18,1,
18,29,
19,1,
19,29,
20,1,
20,29,
21,1,
21,12,
21,29,
22,1,
22,12,
22,17,
22,29,
23,1,
23,12,
23,17,
23,29,
24,1,
24,12,
24,17,
24,29,
25,1,
25,12,
25,29,
50,1,
50,6,
50,29,
50,44,
51,1,
51,6,
51,29,
51,44,
52,1,
52,6,
52,29,
52,44,
53,1,
53,6,
53,29,
53,44,
54,1,
54,6,
54,29,
54,44,
55,1,
55,6,
55,29,
55,44,
56,1,
56,6,
56,29,
56,44,
57,1,
57,6,
57,29,
57,44,
58,1,
58,6,
58,29,
58,44,
59,1,
59,6,
59,29,
59,44,
60,1,
60,6,
60,29,
60,44,
61,1,
61,6,
61,29,
61,44,
62,1,
62,6,
62,29,
62,44,
63,1,
63,6,
63,29,
63,44,
96,1,
96,6,
96,27,
96,33,
96,43,
96,53,
97,1,
97,27,
97,33,
97,43,
98,27,
98,33,
98,43,
125,22,
131,1,
131,6,
146,6,120
146,15,120
146,47,120
153,22,
154,22,8575
202,12,
202,44,
223,1,
223,27,
223,41,
223,48,
224,1,
224,27,
224,41,
224,48,
228,1,
229,22,
230,17,
230,18,
235,1,
237,1,
238,1,
239,22,
240,1,
244,1,
245,22,
248,22,
255,1,
256,1,
282,41,
282,47,
283,17,
284,17,
285,22,
286,22,
287,17,
289,22,
290,17,
291,18,
292,18,
293,18,
294,22,
295,16,
296,22,
298,6,
298,18,
300,1,
302,22,
304,18,
307,18,
308,18,
309,1,
310,6,
310,18,
310,65,
313,6,
313,18,
314,6,
314,18,
315,6,
315,18,
340,51,
350,1,
350,12,
350,29,
383,1,
383,6,
383,29,
383,41,
383,47,
383,51,
424,1,
424,6,
424,29,
424,41,
424,47,
424,51,
425,1,
425,6,
425,29,
425,41,
425,51,
426,1,
426,6,
426,29,
426,41,
426,47,
426,51,
428,1,
428,6,
428,29,
428,41,
428,47,
428,51,
483,1,
483,6,
483,47,
485,1,
485,6,
485,47,
502,1,
502,6,
502,29,
502,41,
502,47,
502,51,
503,1,
503,6,
503,29,
503,41,
503,47,
503,51,
504,1,
504,6,
504,29,
504,41,
504,47,
504,51,
505,1,
505,6,
505,29,
505,41,
505,47,
505,51,
506,1,
506,6,
506,29,
506,41,
506,47,
506,51,
507,1,
507,6,
507,7,
507,12,
507,40,
508,1,
508,6,
508,12,
508,40,
514,22,
514,55,
516,55,
517,1,
517,6,
517,12,
517,40,
521,1,
521,6,
521,12,
521,40,
526,1,
526,6,
526,12,
526,40,
529,1,
529,6,
529,12,
529,40,
530,1,
530,6,
530,12,
530,40,
531,1,
531,6,
531,12,
531,40,
578,27,
578,44,
578,47,
578,49,
582,22,
587,6,
587,8,
587,47,
587,49,
587,63,
589,6,
589,8,
589,47,
589,49,
593,6,
593,8,
593,47,
593,49,
593,63,
594,6,
594,8,
594,47,
594,63,
596,6,
596,8,
596,47,
596,49,
596,63,
597,6,
597,8,
597,47,
597,49,
598,6,
598,8,
598,47,
598,49,
600,1,
600,6,
600,8,
600,41,
600,47,
600,63,
601,1,
601,6,
601,8,
601,41,
601,47,
601,49,
601,63,
605,1,
605,6,
605,8,
605,47,
605,49,
605,63,
608,6,
608,8,
608,41,
608,47,
608,49,
608,63,
609,1,
609,6,
609,8,
609,41,
609,47,
609,49,
616,22,
630,1,
630,6,
630,8,
630,12,
630,27,
630,41,
630,44,
630,47,
630,49,
633,1,
633,6,
633,8,
633,40,
633,41,
633,47,
633,49,
636,1,
636,6,
636,8,
636,41,
636,47,
636,49,
640,6,
640,8,
640,41,
640,47,
640,49,
643,1,
643,6,
643,8,
643,40,
643,41,
643,47,
643,49,
656,1,
657,47,
658,22,
659,1,
659,6,
659,8,
659,41,
659,47,
659,49,
659,63,
669,1,
669,29,
670,1,
670,22,
670,29,
671,1,
671,6,
671,40,
671,41,
671,44,
671,49,
672,22,
686,1,
686,16,
686,44,
687,1,
687,16,
687,44,
688,1,
688,16,
688,44,
689,1,
689,16,
689,44,
691,1,
691,16,
691,44,
701,22,
722,39,
723,39,
736,1,
736,16,
736,44,
848,1,
848,16,
848,44,
849,1,
849,16,
849,44,
850,1,
850,16,
850,44,
853,1,
853,16,
853,44,
854,1,
854,16,
854,44,
856,1,
856,16,
856,44,
857,1,
857,16,
857,44,
858,1,
858,16,
858,44,
859,1,
859,16,
859,44,
860,1,
860,16,
860,44,
861,1,
861,16,
861,44,
862,1,
862,16,
862,44,
863,1,
863,16,
863,44,
866,1,
866,16,
866,44,
869,1,
869,16,
869,44,
884,1,
884,12,
884,29,
885,1,
885,12,
885,29,
886,1,
886,12,
886,29,
887,1,
887,12,
887,29,
888,1,
888,12,
888,29,
889,1,
889,12,
889,29,
890,1,
890,12,
890,29,
891,1,
891,12,
891,29,
892,1,
892,12,
892,29,
893,1,
893,12,
893,29,
894,1,
894,12,
894,29,
895,1,
895,12,
895,29,
896,1,
896,12,
896,17,
896,29,
897,1,
897,12,
897,29,
898,1,
898,12,
898,29,
899,1,
899,12,
899,29,
900,1,
900,12,
900,29,
901,1,
901,12,
901,29,
902,1,
902,12,
902,17,
902,29,
906,1,
906,6,
906,29,
906,44,
909,1,
909,6,
909,29,
909,44,
911,1,
911,6,
911,29,
911,44,
912,1,
912,6,
912,29,
912,44,
917,27,
917,33,
917,43,
917,53,
918,27,
918,33,
918,43,
920,1,
920,27,
920,33,
920,43,
945,1,
945,12,
945,27,
945,41,
945,48,
948,1,
948,17,
948,41,
948,48,
950,1,
950,12,
950,17,
950,41,
950,48,
950,65,
953,22,
954,22,
955,22,
956,1,
956,12,
956,17,
956,41,
956,48,
956,65,
957,22,
958,1,
958,6,
958,12,
958,17,
958,18,
958,41,
958,48,
959,22,
960,1,
960,6,
960,12,
960,17,
960,18,
960,41,
960,48,
960,65,
961,22,
962,1,
962,6,
962,17,
962,18,
962,41,
962,48,
962,65,
963,1,
963,12,
963,17,
963,41,
963,48,
964,1,
964,6,
964,12,
964,17,
964,18,
964,41,
964,48,
967,22,
968,1,
968,6,
968,12,
968,17,
968,18,
968,41,
968,48,
968,65,
969,22,
970,22,
971,1,
971,6,
971,12,
971,17,
971,18,
971,41,
971,48,
971,65,
972,1,
972,6,
972,12,
972,17,
972,18,
972,41,
972,48,
973,1,
973,12,
973,41,
973,48,
974,22,
975,22,
976,1,
976,12,
976,17,
976,18,
976,41,
976,48,
977,22,
978,22,
979,22,
980,22,
981,1,
981,6,
981,12,
981,17,
981,18,
981,41,
981,48,
983,22,
984,22,
985,22,
986,22,
995,1,
995,6,
995,12,
995,41,
995,48,
995,65,
999,1,
999,12,
999,41,
999,48,
1001,65,
1002,22,
1003,1,
1003,12,
1003,17,
1003,22,
1003,29,
1003,41,
1003,48,
1003,55,
1004,6,
1004,18,
1005,1,
1005,22,
1012,22,
1013,17,
1013,18,
1018,22,
1019,22,
1020,65,
1023,1,
1025,22,
1026,22,
1032,22,
1036,6,
1036,18,
1036,65,
1038,22,
1039,22,
1042,47,
1047,8,
1050,22,
1053,22,
1053,55,
1056,8,
1056,47,
1063,22,
1065,8,
1071,8,
1073,8,
1073,47,
1075,16,
1075,47,
1076,8,
1082,22,
1084,22,
1095,1,
1095,6,
1095,29,
1095,41,
1095,47,
1095,51,
1098,1,
1106,1,
1106,6,
1106,8,
1106,47,
1111,6,
1111,8,
1111,47,
1114,22,
1116,6,
1116,47,
1120,22,
1121,22,
1134,22,
1135,47,
1139,1,
1139,12,
1139,40,
1157,1,
1157,12,
1157,40,
1163,1,
1163,12,
1163,40,
1293,12,
1293,44,
1302,10,2676
1302,40,2676
1303,10,2676
1303,40,2676
1433,1,
1433,29,
1481,1,
1481,16,
1481,44,
1560,1,
1560,6,
1560,29,
1560,41,
1560,47,
1560,51,
1571,1,8575
1571,12,8575
1571,19,8575
1571,27,8575
1581,22,8575
1583,6,
1583,47,
1586,1,8575
1586,12,8575
1590,6,
1590,47,
1591,1,8575
1591,12,8575
1591,15,8575
1600,22,8575
1643,1,
1643,6,
1643,29,
1643,41,
1643,47,
1643,51,
1644,1,
1644,6,
1644,29,
1644,41,
1644,47,
1644,51,
1645,1,
1645,6,
1645,29,
1645,41,
1645,47,
1645,51,
1658,1,
1658,6,
1658,29,
1658,41,
1658,47,
1658,51,
1678,8,
1679,22,
1683,22,
1689,22,
1690,22,
1691,22,
1695,22,
1696,22,
1697,22,
1698,22,
1704,6,
1704,47,
1705,8,
1705,47,
1725,8,
1726,8,
1727,8,
1802,55,
1804,55,
1808,1,
1808,6,
1808,29,
1808,41,
1808,47,
1808,51,
1810,55,
1827,1,8575
1827,12,8575
1837,1,8575
1837,12,8575
1837,15,8575
1841,1,8575
1841,12,8575
1841,15,8575
1846,1,8575
1846,12,8575
1846,15,8575
1848,6,
1848,47,
1850,6,
1850,47,
1853,55,
1856,6,
1856,27,
1856,47,
1861,6,
1861,47,
1865,6,
1865,17,
1865,47,
1866,6,
1866,15,120
1866,47,
1867,6,
1867,47,
1871,17,
1951,1,
1951,6,
1951,29,
1951,41,
1951,47,
1951,51,
1960,1,
1960,6,
1960,29,
1960,41,
1960,47,
1960,51,
1962,17,
1964,17,
1965,22,
1966,6,
1976,1,
1976,6,
1976,29,
1976,41,
1976,47,
1976,51,
1978,1,
1978,6,
1978,29,
1978,41,
1978,47,
1978,51,
1979,1,
1979,6,
1979,29,
1979,41,
1979,47,
1979,51,
1980,1,
1980,6,
1980,29,
1980,41,
1980,47,
1980,51,
1982,1,
1982,6,
1982,29,
1982,41,
1982,47,
1982,51,
1991,1,
1992,1,
1992,6,
1992,29,
1992,41,
1992,47,
1992,51,
2725,8,
2725,30,
2725,44,
2725,47,
2725,63,
2726,22,
2727,22,
2728,8,
2728,30,
2728,47,
2728,63,
2729,22,
2730,22,
2734,8,
2734,47,
2742,39,
2743,6,
2743,8,
2743,12,
2743,27,
2743,41,
2743,44,
2746,22,
2751,8,
2751,45,
2751,47,
2751,63,
2753,22,
2770,55,
2772,22,
2772,55,
2774,22,
2775,55,
2776,55,
2781,22,
2781,55,
2783,55,
2784,22,
2784,55,
2786,55,
2788,22,
2788,55,
2791,55,
2792,55,
2796,22,
2802,6,
2802,7,
2804,1,
2804,6,
2804,12,
2804,40,
2808,1,
2808,12,
2808,40,
2811,1,
2811,12,
2811,40,
2813,1,
2813,12,
2813,40,
2816,1,
2816,6,
2816,29,
2816,41,
2816,47,
2816,51,
2822,8,
2822,63,
2827,1,
2827,6,
2827,29,
2827,41,
2827,47,
2827,51,
2828,55,
2829,1,
2829,6,
2829,29,
2829,41,
2829,47,
2829,51,
2830,1,
2830,6,
2830,29,
2830,41,
2830,47,
2830,51,
2862,1,
2862,6,
2864,1,
2864,6,
2864,47,
2866,6,
2868,1,
2868,6,
2868,29,
2868,41,
2868,47,
2868,51,
2871,6,
2872,8,
2873,8,
2875,8,
2876,8,
2877,8,
2880,8,
2880,17,
2887,1,8575
2887,12,8575
2888,1,8575
2888,12,8575
2888,27,8575
2889,1,8575
2889,12,8575
2889,27,8575
2891,1,
2891,12,8575
2891,15,8575
2892,1,8575
2892,12,8575
2893,1,
2893,12,8575
2893,15,8575
2894,1,8575
2894,12,8575
2894,15,8575
2895,1,8575
2895,12,8575
2895,15,8575
2897,1,8575
2897,12,8575
2897,27,8575
2897,33,8575
2898,22,
2900,1,8575
2900,12,8575
2900,27,8575
2900,33,8575
2901,1,8575
2901,15,120
2902,1,8575
2902,12,8575
2902,15,8575
2903,1,8575
2903,12,8575
2903,15,8575
2904,1,8575
2904,12,8575
2904,15,8575
2905,1,
2905,12,
2906,1,8575
2906,12,
2906,15,
2906,19,
2908,1,8575
2908,12,8575
2908,15,8575
2909,1,8575
2909,12,8575
2909,15,
2909,30,8575
2911,1,8575
2911,12,8575
2911,15,8575
2912,1,8575
2912,12,8575
2912,25,8575
2913,1,8575
2913,12,8575
2914,1,8575
2914,12,8575
2914,15,8575
2915,1,
2915,12,
2915,15,8575
2916,1,8575
2916,12,8575
2917,1,8575
2917,12,8575
2918,1,8575
2918,12,8575
2920,1,8575
2920,12,8575
2921,1,8575
2921,12,8575
2921,15,8575
2922,1,8575
2922,12,8575
2922,15,8575
2923,1,8575
2923,4,8575
2923,12,8575
2923,33,8575
2924,1,8575
2924,4,8575
2924,12,8575
2924,33,8575
2925,1,8575
2925,12,8575
2925,15,8575
2926,1,8575
2926,12,8575
2926,15,8575
2927,1,8575
2927,12,8575
2927,15,8575
2928,1,8575
2928,12,8575
2929,1,8575
2929,12,8575
2929,15,
2930,1,8575
2930,12,8575
2930,15,8575
2931,1,8575
2931,12,8575
2931,33,8575
2932,1,8575
2932,12,8575
2934,1,8575
2934,12,8575
2936,1,8575
2936,12,8575
2938,1,8575
2938,12,8575
2939,1,8575
2939,12,8575
2943,1,8575
2943,12,8575
2943,15,8575
2944,1,8575
2944,12,8575
2944,15,8575
2944,27,8575
2945,1,8575
2945,4,8575
2945,12,8575
2946,1,8575
2946,12,8575
2948,1,8575
2948,12,8575
2948,15,8575
2950,1,8575
2950,12,8575
2950,15,8575
2951,1,8575
2951,12,8575
2952,1,8575
2952,12,8575
2955,1,8575
2955,12,8575
2956,1,8575
2956,12,8575
2956,15,8575
2957,1,8575
2957,12,8575
2958,1,8575
2958,12,8575
2958,15,
2960,1,8575
2960,12,8575
2960,15,8575
2962,1,8575
2962,12,8575
2962,15,8575
2963,1,8575
2963,12,8575
2963,15,8575
2965,1,8575
2965,12,8575
2965,15,8575
2966,1,8575
2966,12,8575
2966,15,8575
2966,70,8575
2968,1,8575
2968,12,8575
2968,15,8575
2969,1,8575
2969,12,
2969,15,
2970,1,8575
2970,12,8575
2970,15,8575
2971,6,
2971,47,
2972,6,
2972,47,
2973,6,
2974,6,
2974,15,120
2974,47,
2976,6,
2976,47,
2977,55,
2979,6,
2979,47,
2981,6,
2981,47,
2987,17,
2991,22,
2992,22,
2993,22,
2995,17,
2995,18,
2999,6,
2999,17,
2999,18,
2999,65,
3000,1,
3001,22,
3002,22,
3003,22,
3004,22,
3005,22,
3006,18,
3006,48,
3008,6,
3008,18,
3009,6,
3009,18,
3011,22,
3012,22,
3014,22,
3015,22,
3016,22,
3017,22,
3018,22,
3019,22,
3020,22,
3041,22,
3042,22,
3043,22,
3044,22,
3045,17,
3048,22,
3049,22,
3050,22,
3053,22,
3055,22,
3056,22,
3057,18,
3059,18,
3060,18,
3061,1,
3065,37,
3067,37,
3068,37,
3069,37,
3071,37,
3072,37,
3074,37,
3076,37,
3077,37,
3078,37,
3079,37,
3080,37,
3081,37,
3082,37,
3083,37,
3084,37,
3085,37,
3086,37,
3087,37,
3088,37,
3089,37,
3090,37,
3091,37,
3092,37,
3093,37,
3094,37,
3095,37,
3096,37,
3097,37,
3098,37,
3099,37,
3100,37,
3101,37,
3102,37,
3103,37,
3104,37,
3105,37,
3106,39,
3107,37,
3108,39,
3109,39,
3110,39,
3111,39,
3112,39,
3113,39,
3114,39,
3115,39,
3116,39,
3117,39,
3118,39,
3140,1,
3140,16,
3140,44,
3142,1,
3142,16,
3142,44,
3183,12,922
3183,40,922
3226,40,2673
3226,63,2673
3227,40,2673
3227,63,2673
3228,44,2673
3229,40,2673
3229,63,2673
3230,40,2673
3230,63,2673
3231,40,2674
3231,63,2674
3232,40,2674
3232,63,2674
3233,44,2674
3234,10,922
3234,40,922
3235,10,922
3235,40,922
3236,10,922
3236,40,922
3237,10,922
3237,40,922
3238,10,922
3238,40,922
3239,6,2676
3239,12,2676
3239,40,2676
3240,6,2676
3240,12,2676
3240,40,2676
3255,1,2676
3261,44,
3301,12,2675
3301,27,2675
3301,28,2675
3301,30,2675
3337,59,2671
3337,60,2671
3339,44,2671
3341,40,
3343,40,
3345,40,
3347,40,
3349,40,
3351,40,
3353,10,2671
3353,40,2671
3355,40,2671
3357,40,2675
3359,40,
3361,40,2671
3363,40,
3368,48,
3371,40,
3373,10,2675
3373,27,2675
3376,10,2671
3376,27,2671
3379,10,2675
3381,10,2671
3383,10,2675
3385,10,2671
3387,10,2675
3387,27,2675
3390,10,2671
3390,27,120
3393,10,
3395,10,2671
3397,10,2675
3399,10,
3401,10,
3403,10,
3405,10,2675
3407,10,
4110,10,2671
4110,12,2671
4110,27,2671
4110,30,2671
4110,40,2671
4110,56,2671
4110,57,2671
4110,58,2671
4110,59,2671
4110,60,2671
4110,61,2671
4110,68,2671
4110,69,2671
4112,10,2671
4112,12,2671
4112,27,2671
4112,30,2671
4112,40,2671
4112,56,2671
4112,57,2671
4112,58,2671
4112,59,2671
4112,60,2671
4112,61,2671
4112,68,2671
4112,69,2671
4115,10,2671
4115,12,2671
4115,27,2671
4115,30,2671
4115,40,2671
4115,56,2671
4115,57,2671
4115,58,2671
4115,59,2671
4115,60,2671
4115,61,2671
4115,68,2671
4115,69,2671
4118,10,2671
4118,30,2671
4118,40,2671
4118,56,2671
4118,57,2671
4118,58,2671
4121,10,2671
4121,30,2671
4121,40,2671
4121,56,2671
4121,57,2671
4121,58,2671
4125,10,2671
4125,12,2671
4125,27,2671
4125,30,2671
4125,40,2671
4125,56,2671
4125,57,2671
4125,58,2671
4125,59,2671
4125,60,2671
4125,61,2671
4125,68,2671
4125,69,2671
4128,10,2671
4128,12,2671
4128,27,2671
4128,30,2671
4128,40,2671
4128,56,2671
4128,57,2671
4128,58,2671
4128,59,2671
4128,60,2671
4128,61,2671
4128,68,2671
4128,69,2671
4132,10,2671
4132,30,2671
4132,40,2671
4132,56,2671
4132,57,2671
4132,58,2671
4136,10,2671
4136,30,2671
4136,40,2671
4136,56,2671
4136,57,2671
4136,58,2671
4141,10,2671
4141,30,2671
4141,40,2671
4141,56,2671
4141,57,2671
4141,58,2671
4146,10,2671
4146,30,2671
4146,40,2671
4146,56,2671
4146,57,2671
4146,58,2671
4146,63,2671
4149,10,2671
4149,30,2671
4149,40,2671
4149,44,
4149,56,2671
4149,57,2671
4149,58,2671
4149,63,2671
4152,10,2671
4152,30,2671
4152,40,2671
4152,44,
4152,56,2671
4152,57,2671
4152,58,2671
4152,63,2671
4160,10,2671
4160,30,2671
4160,40,2671
4160,44,2671
4160,56,2671
4160,57,2671
4160,58,2671
4160,63,2671
4163,10,2671
4163,30,2671
4163,40,2671
4163,44,
4163,56,2671
4163,57,2671
4163,58,2671
4163,63,2671
4166,10,2671
4166,30,2671
4166,40,2671
4166,56,2671
4166,57,2671
4166,58,2671
4166,63,2671
4174,10,2671
4174,12,2671
4174,27,2671
4174,30,2671
4174,40,2671
4174,56,2671
4174,57,2671
4174,58,2671
4174,59,2671
4174,60,2671
4174,61,2671
4174,68,2671
4174,69,2671
4179,10,2671
4179,12,2671
4179,30,2671
4179,40,2671
4179,56,2671
4179,57,2671
4179,58,2671
4179,59,2671
4179,60,2671
4179,61,2671
4181,10,
4181,12,2671
4181,30,2671
4181,40,2671
4181,56,2671
4181,57,2671
4181,58,2671
4181,59,2671
4181,60,2671
4181,61,2671
4184,10,2671
4184,12,2671
4184,30,2671
4184,40,2671
4184,56,2671
4184,57,2671
4184,58,2671
4184,59,2671
4184,60,2671
4184,61,2671
4187,10,2671
4187,12,2671
4187,30,2671
4187,40,2671
4187,56,2671
4187,57,2671
4187,58,2671
4187,59,2671
4187,60,2671
4187,61,2671
4197,10,2671
4197,12,2671
4197,30,2671
4197,40,2671
4197,56,2671
4197,57,2671
4197,58,2671
4197,59,2671
4197,60,2671
4197,61,2671
4200,10,2671
4200,12,2671
4200,30,2671
4200,40,2671
4200,56,2671
4200,57,2671
4200,58,2671
4200,59,2671
4200,60,2671
4200,61,2671
4204,10,2671
4204,12,2671
4204,30,2671
4204,40,2671
4204,56,2671
4204,57,2671
4204,58,2671
4204,59,2671
4204,60,2671
4204,61,2671
4208,10,2671
4208,12,2671
4208,30,2671
4208,40,2671
4208,56,2671
4208,57,2671
4208,58,2671
4208,59,2671
4208,60,2671
4208,61,2671
4211,55,
4212,10,2671
4212,12,2671
4212,30,2671
4212,40,2671
4212,56,2671
4212,57,2671
4212,58,2671
4212,59,2671
4212,60,2671
4212,61,2671
4226,10,2671
4226,12,2671
4226,30,2671
4226,40,2671
4226,56,2671
4226,57,2671
4226,58,2671
4226,59,2671
4226,60,2671
4226,61,2671
4230,10,2671
4230,12,2671
4230,30,2671
4230,40,2671
4230,56,2671
4230,57,2671
4230,58,2671
4230,59,2671
4230,60,2671
4230,61,2671
4234,10,2671
4234,12,2671
4234,30,2671
4234,40,2671
4234,56,2671
4234,57,2671
4234,58,2671
4234,59,2671
4234,60,2671
4234,61,2671
4238,10,2671
4238,12,2671
4238,30,2671
4238,40,2671
4238,56,2671
4238,57,2671
4238,58,2671
4238,59,2671
4238,60,2671
4238,61,2671
4251,10,2671
4251,30,2671
4251,40,2671
4251,56,2671
4251,57,2671
4251,58,2671
4254,10,2671
4254,12,2671
4254,27,2671
4254,30,2671
4254,40,2671
4254,56,2671
4254,57,2671
4254,58,2671
4254,59,2671
4254,60,2671
4254,61,2671
4254,68,2671
4254,69,2671
4256,10,2671
4256,12,2671
4256,27,2671
4256,30,2671
4256,40,2671
4256,56,2671
4256,57,2671
4256,58,2671
4256,59,2671
4256,60,2671
4256,61,2671
4256,68,2671
4256,69,2671
4260,10,2671
4260,11,2671
4260,12,2671
4260,27,2671
4260,30,2671
4260,40,2671
4260,56,2671
4260,57,2671
4260,58,2671
4260,59,2671
4260,60,2671
4260,61,2671
4260,68,2671
4260,69,2671
4263,10,2671
4263,12,2671
4263,27,2671
4263,30,2671
4263,40,2671
4263,56,2671
4263,57,2671
4263,58,2671
4263,59,2671
4263,60,2671
4263,61,2671
4263,68,2671
4263,69,2671
4268,10,2671
4268,12,2671
4268,27,2671
4268,30,2671
4268,40,2671
4268,56,2671
4268,57,2671
4268,58,2671
4268,59,2671
4268,60,2671
4268,61,2671
4268,68,2671
4268,69,2671
4284,10,2671
4284,12,2671
4284,27,2671
4284,30,2671
4284,40,2671
4284,56,2671
4284,57,2671
4284,58,2671
4284,59,2671
4284,60,2671
4284,61,2671
4284,68,2671
4284,69,2671
4287,10,2671
4287,12,2671
4287,27,2671
4287,30,2671
4287,40,2671
4287,56,2671
4287,57,2671
4287,58,2671
4287,59,2671
4287,60,2671
4287,61,2671
4287,68,2671
4287,69,2671
4290,10,2671
4290,12,2671
4290,27,2671
4290,30,2671
4290,40,2671
4290,56,2671
4290,57,2671
4290,58,2671
4290,59,2671
4290,60,2671
4290,61,2671
4290,68,2671
4290,69,2671
4299,10,2671
4299,12,2671
4299,27,2671
4299,30,2671
4299,40,2671
4299,56,2671
4299,57,2671
4299,58,2671
4299,59,2671
4299,60,2671
4299,61,2671
4299,68,2671
4299,69,2671
4302,10,2671
4302,12,2671
4302,27,2671
4302,30,2671
4302,40,2671
4302,56,2671
4302,57,2671
4302,58,2671
4302,59,2671
4302,60,2671
4302,61,2671
4302,68,2671
4302,69,2671
4305,10,2671
4305,12,2671
4305,27,2671
4305,30,2671
4305,40,2671
4305,56,2671
4305,57,2671
4305,58,2671
4305,59,2671
4305,60,2671
4305,61,2671
4305,68,2671
4305,69,2671
4308,10,2671
4308,12,2671
4308,27,2671
4308,30,2671
4308,40,2671
4308,56,2671
4308,57,2671
4308,58,2671
4308,59,2671
4308,60,2671
4308,61,2671
4308,68,2671
4308,69,2671
4317,10,2671
4317,12,2671
4317,27,2671
4317,30,2671
4317,40,2671
4317,56,2671
4317,57,2671
4317,58,2671
4317,59,2671
4317,60,2671
4317,61,2671
4317,68,2671
4317,69,2671
4320,10,2671
4320,12,2671
4320,27,2671
4320,30,2671
4320,40,2671
4320,56,2671
4320,57,2671
4320,58,2671
4320,59,2671
4320,60,2671
4320,61,2671
4320,68,2671
4320,69,2671
4325,10,2671
4325,12,2671
4325,27,2671
4325,30,2671
4325,40,2671
4325,56,2671
4325,57,2671
4325,58,2671
4325,59,2671
4325,60,2671
4325,61,2671
4325,68,2671
4325,69,2671
4329,10,2671
4329,12,2671
4329,27,2671
4329,30,2671
4329,40,2671
4329,56,2671
4329,57,2671
4329,58,2671
4329,59,2671
4329,60,2671
4329,61,2671
4329,68,2671
4329,69,2671
4341,10,2671
4341,44,2671
4344,12,2671
4344,27,2671
4344,30,2671
4344,40,2671
4344,56,2671
4344,57,2671
4344,58,2671
4344,59,2671
4344,60,2671
4344,61,2671
4344,68,2671
4344,69,2671
4347,12,2671
4347,27,2671
4347,30,2671
4347,40,2671
4347,56,2671
4347,57,2671
4347,58,2671
4347,59,2671
4347,60,2671
4347,61,2671
4347,68,2671
4347,69,2671
4350,12,2671
4350,27,2671
4350,30,2671
4350,40,2671
4350,56,2671
4350,57,2671
4350,58,2671
4350,59,2671
4350,60,2671
4350,61,2671
4350,68,2671
4350,69,2671
4353,12,2671
4353,27,2671
4353,30,2671
4353,40,2671
4353,56,2671
4353,57,2671
4353,58,2671
4353,59,2671
4353,60,2671
4353,61,2671
4353,68,2671
4353,69,2671
4356,12,2671
4356,27,2671
4356,30,2671
4356,40,2671
4356,56,2671
4356,57,2671
4356,58,2671
4356,59,2671
4356,60,2671
4356,61,2671
4356,68,2671
4356,69,2671
4359,12,2671
4359,27,2671
4359,30,2671
4359,40,2671
4359,56,2671
4359,57,2671
4359,58,2671
4359,59,2671
4359,60,2671
4359,61,2671
4359,68,2671
4359,69,2671
4368,12,2671
4368,27,2671
4368,30,2671
4368,40,2671
4368,56,2671
4368,57,2671
4368,58,2671
4368,59,2671
4368,60,2671
4368,61,2671
4368,68,2671
4368,69,2671
4372,12,2671
4372,27,2671
4372,30,2671
4372,40,2671
4372,56,2671
4372,57,2671
4372,58,2671
4372,59,2671
4372,60,2671
4372,61,2671
4372,68,2671
4372,69,2671
4376,12,2671
4376,27,2671
4376,30,2671
4376,40,2671
4376,56,2671
4376,57,2671
4376,58,2671
4376,59,2671
4376,60,2671
4376,61,2671
4376,68,2671
4376,69,2671
4380,12,2671
4380,27,2671
4380,30,2671
4380,40,2671
4380,56,2671
4380,57,2671
4380,58,2671
4380,59,2671
4380,60,2671
4380,61,2671
4380,68,2671
4380,69,2671
4393,12,2671
4393,27,2671
4393,30,2671
4393,40,2671
4393,56,2671
4393,57,2671
4393,58,2671
4393,59,2671
4393,60,2671
4393,61,2671
4393,68,2671
4393,69,2671
4395,12,2671
4395,27,2671
4395,30,2671
4395,40,2671
4395,56,2671
4395,57,2671
4395,58,2671
4395,59,2671
4395,60,2671
4395,61,2671
4395,68,2671
4395,69,2671
4399,12,2671
4399,27,2671
4399,30,2671
4399,40,2671
4399,56,2671
4399,57,2671
4399,58,2671
4399,59,2671
4399,60,2671
4399,61,2671
4399,68,2671
4399,69,2671
4408,1,2671
4408,12,2671
4408,27,2671
4408,28,2671
4408,66,2671
4408,67,2671
4408,68,2671
4414,1,2671
4414,12,2671
4414,27,2671
4414,28,2671
4414,66,2671
4414,67,2671
4414,68,2671
4421,1,2671
4421,12,2671
4421,27,2671
4421,28,2671
4421,66,2671
4421,67,2671
4421,68,2671
4426,1,2671
4426,12,2671
4426,27,2671
4426,28,2671
4426,66,2671
4426,67,2671
4426,68,2671
4428,27,
4428,44,
4431,10,2671
4431,44,2671
4432,1,2671
4432,10,2671
4432,44,2671
4434,10,
4434,27,120
4436,10,
4439,10,2671
4441,10,
4444,10,2671
4446,44,2671
4449,12,2671
4449,27,2671
4449,30,2671
4451,45,2671
4959,12,
4959,25,
4959,27,
5031,37,
5042,1,
5042,6,
5042,8,
5042,49,
5186,1,
5186,6,
5186,29,
5186,41,
5186,47,
5186,51,
5197,1,
5197,29,
5198,1,
5198,29,
5199,1,
5199,29,
5200,1,
5200,29,
5201,1,
5201,29,
5202,1,
5202,29,
5203,1,
5203,12,
5203,17,
5203,29,
5204,1,
5204,12,
5204,17,
5204,29,
5206,1,
5206,12,
5206,17,
5206,29,
5207,1,
5207,12,
5207,17,
5207,29,
5208,1,
5208,12,
5208,17,
5208,29,
5209,1,
5209,12,
5209,29,
5210,1,
5210,12,
5210,29,
5220,27,
5220,43,
5222,27,
5222,33,
5222,43,
5222,53,
5224,27,
5224,43,
5225,27,
5225,43,
5226,27,
5226,43,
5227,27,
5227,43,
5231,27,
5231,33,
5231,43,
5232,27,
5232,43,
5235,1,
5235,6,
5235,29,
5235,44,
5236,1,
5236,6,
5236,29,
5236,44,
5237,1,
5237,6,
5237,29,
5237,44,
5238,1,
5238,6,
5238,29,
5238,44,
5239,1,
5239,6,
5239,29,
5239,44,
5470,37,
5474,37,
5476,37,
5479,37,
5481,39,
5491,17,
5495,17,
5499,17,
5501,17,
5503,17,
5507,17,
5509,17,
5512,17,
5612,1,
5612,27,
5612,48,
5617,1,
5618,6,
5618,18,
5618,65,
5619,1,
5620,22,
5621,22,
5627,1,
5633,22,
5634,17,
5635,22,
5636,18,
5637,22,
5638,22,
5639,22,
5640,22,
5641,22,
5642,22,
5643,1,
5645,18,
5646,1,
5647,1,
5648,6,
5648,18,
5648,65,
5649,6,
5649,18,
5650,22,
5651,22,
5652,10,5654
5652,12,5654
5652,30,5654
5652,40,5654
5656,40,5654
5658,40,5654
5660,40,5654
5662,40,5654
5664,40,5654
5666,40,5654
5671,10,5654
5671,12,5654
5671,27,5654
5671,30,5654
5671,40,5654
5676,10,5654
5676,12,5654
5676,27,5654
5676,30,5654
5676,40,5654
5681,10,5654
5681,12,5654
5681,27,5654
5681,30,5654
5681,40,5654
5686,10,5654
5686,12,5654
5686,27,5654
5686,30,5654
5686,40,5654
5691,10,5654
5691,12,5654
5691,30,5654
5691,40,5654
5696,10,5654
5696,12,5654
5696,30,5654
5696,40,5654
5705,10,5654
5705,12,5654
5705,27,5654
5705,30,5654
5705,40,5654
5710,10,5654
5710,12,5654
5710,27,5654
5710,30,5654
5710,40,5654
5715,10,5654
5715,12,5654
5715,27,5654
5715,30,5654
5715,40,5654
5719,10,5654
5719,12,5654
5719,30,5654
5719,40,5654
5723,10,5654
5723,12,5654
5723,30,5654
5723,40,5654
5725,10,5654
5725,12,5654
5725,30,5654
5725,40,5654
5729,10,5654
5729,12,5654
5729,30,5654
5729,40,5654
5733,10,5654
5733,12,5654
5733,30,5654
5733,40,5654
5737,10,5654
5737,12,5654
5737,30,5654
5737,40,5654
5741,10,5654
5741,12,5654
5741,30,5654
5741,40,5654
5744,10,5654
5744,12,5654
5744,30,5654
5744,40,5654
5747,10,5654
5747,12,5654
5747,30,5654
5747,40,5654
5749,10,5654
5749,12,5654
5749,30,5654
5749,40,5654
5751,1,5654
5751,10,5654
5751,12,5654
5751,30,5654
5751,40,5654
5754,2,5654
5754,6,5654
5754,10,5654
5754,47,5654
5760,8,
5763,8,
5763,47,
5763,63,
5764,8,
5764,47,
5764,63,
5766,8,
5766,47,
5766,63,
5768,8,
5768,47,
5768,63,
5770,8,
5770,47,
5770,63,
5773,8,
5773,41,
5773,47,
5775,22,
5777,8,
5777,47,
5783,1,
5783,8,
5783,47,
5787,1,
5787,8,
5787,47,
5801,1,
5801,19,
5805,1,
5805,8,
5805,19,
5805,30,
5805,47,
5805,63,
5806,1,
5806,8,
5806,27,
5806,47,
5807,1,
5809,6,
5809,47,
5816,22,
5817,22,
5824,41,
5824,51,
5847,10,2671
5847,30,2671
5847,40,2671
5847,56,2671
5847,57,2671
5847,58,2671
5850,10,2671
5850,30,2671
5850,40,2671
5850,56,2671
5850,57,2671
5850,58,2671
5852,10,2671
5852,30,2671
5852,40,2671
5852,56,2671
5852,57,2671
5852,58,2671
5855,10,2671
5855,30,2671
5855,40,2671
5855,56,2671
5855,57,2671
5855,58,2671
5858,10,2671
5858,12,2671
5858,27,2671
5858,30,2671
5858,40,2671
5858,56,2671
5858,57,2671
5858,58,2671
5858,59,2671
5858,60,2671
5858,61,2671
5858,68,2671
5858,69,2671
5861,10,2671
5861,12,2671
5861,27,2671
5861,30,2671
5861,40,2671
5861,56,2671
5861,57,2671
5861,58,2671
5861,59,2671
5861,60,2671
5861,61,2671
5861,68,2671
5861,69,2671
5864,10,2671
5864,30,2671
5864,40,2671
5864,56,2671
5864,57,2671
5864,58,2671
5866,10,2671
5866,30,2671
5866,40,2671
5866,56,2671
5866,57,2671
5866,58,2671
5868,10,2671
5868,30,2671
5868,40,2671
5868,56,2671
5868,57,2671
5868,58,2671
5870,10,2671
5870,30,2671
5870,40,2671
5870,44,2671
5870,56,2671
5870,57,2671
5870,58,2671
5872,44,2671
5872,63,2671
5875,44,2671
5875,63,2671
5878,12,2671
5878,27,2671
5878,28,2671
5880,44,2671
5892,10,2671
5892,12,2671
5892,27,2671
5892,30,2671
5892,40,2671
5892,44,
5892,56,2671
5892,57,2671
5892,58,2671
5892,59,2671
5892,60,2671
5892,61,2671
5892,68,2671
5892,69,2671
5895,10,2671
5895,12,2671
5895,27,2671
5895,30,2671
5895,40,2671
5895,44,2671
5895,56,2671
5895,57,2671
5895,58,2671
5895,59,2671
5895,60,2671
5895,61,2671
5895,68,2671
5895,69,2671
5902,1,2671
5902,12,2671
5902,27,2671
5902,28,2671
5902,66,2671
5902,67,2671
5902,68,2671
5909,1,2671
5909,12,2671
5909,27,2671
5909,28,2671
5909,66,2671
5909,67,2671
5909,68,2671
5911,1,2671
5911,12,2671
5911,27,2671
5911,28,2671
5911,66,2671
5911,67,2671
5911,68,2671
5918,1,2671
5918,12,2671
5918,27,2671
5918,28,2671
5918,66,2671
5918,67,2671
5918,68,2671
5920,10,2671
5920,30,2671
5920,40,2671
5920,56,2671
5920,57,2671
5920,58,2671
5923,10,2671
5923,30,2671
5923,40,2671
5923,56,2671
5923,57,2671
5923,58,2671
5926,10,2671
5926,12,2671
5926,27,2671
5926,30,2671
5926,40,2671
5926,56,2671
5926,57,2671
5926,58,2671
5926,59,2671
5926,60,2671
5926,61,2671
5926,68,2671
5926,69,2671
5928,10,2671
5928,12,2671
5928,27,2671
5928,30,2671
5928,40,2671
5928,56,2671
5928,57,2671
5928,58,2671
5928,59,2671
5928,60,2671
5928,61,2671
5928,68,2671
5928,69,2671
5929,10,2671
5929,30,2671
5929,40,2671
5929,56,2671
5929,57,2671
5929,58,2671
5931,10,2671
5931,30,2671
5931,40,2671
5931,56,2671
5931,57,2671
5931,58,2671
5934,10,2671
5934,12,2671
5934,27,2671
5934,30,2671
5934,40,2671
5934,56,2671
5934,57,2671
5934,58,2671
5934,59,2671
5934,60,2671
5934,61,2671
5934,68,2671
5934,69,2671
5936,10,2671
5936,12,2671
5936,27,2671
5936,30,2671
5936,40,2671
5936,56,2671
5936,57,2671
5936,58,2671
5936,59,2671
5936,60,2671
5936,61,2671
5936,68,2671
5936,69,2671
5938,10,2671
5938,30,2671
5938,40,2671
5938,56,2671
5938,57,2671
5938,58,2671
5941,10,2671
5941,30,2671
5941,40,2671
5941,56,2671
5941,57,2671
5941,58,2671
5946,10,2671
5946,12,2671
5946,27,2671
5946,30,2671
5946,40,2671
5946,56,2671
5946,57,2671
5946,58,2671
5946,59,2671
5946,60,2671
5946,61,2671
5946,68,2671
5946,69,2671
5950,10,2671
5950,12,2671
5950,27,2671
5950,30,2671
5950,40,2671
5950,56,2671
5950,57,2671
5950,58,2671
5950,59,2671
5950,60,2671
5950,61,2671
5950,68,2671
5950,69,2671
5951,10,2671
5951,30,2671
5951,40,2671
5951,56,2671
5951,57,2671
5951,58,2671
5953,10,2671
5953,30,2671
5953,40,2671
5953,56,2671
5953,57,2671
5953,58,2671
5956,10,2671
5956,30,2671
5956,40,2671
5956,56,2671
5956,57,2671
5956,58,2671
5959,10,2671
5959,30,2671
5959,40,2671
5959,56,2671
5959,57,2671
5959,58,2671
5963,10,2671
5963,12,2671
5963,27,2671
5963,30,2671
5963,40,2671
5963,56,2671
5963,57,2671
5963,58,2671
5963,59,2671
5963,60,2671
5963,61,2671
5963,68,2671
5963,69,2671
5966,10,2671
5966,12,2671
5966,27,2671
5966,30,2671
5966,40,2671
5966,56,2671
5966,57,2671
5966,58,2671
5966,59,2671
5966,60,2671
5966,61,2671
5966,68,2671
5966,69,2671
5968,10,2671
5968,12,2671
5968,27,2671
5968,30,2671
5968,40,2671
5968,56,2671
5968,57,2671
5968,58,2671
5968,59,2671
5968,60,2671
5968,61,2671
5968,68,2671
5968,69,2671
5970,10,2671
5970,12,2671
5970,27,2671
5970,30,2671
5970,40,2671
5970,56,2671
5970,57,2671
5970,58,2671
5970,59,2671
5970,60,2671
5970,61,2671
5970,68,2671
5970,69,2671
5973,10,2671
5973,12,2671
5973,27,2671
5973,30,2671
5973,40,2671
5973,56,2671
5973,57,2671
5973,58,2671
5973,59,2671
5973,60,2671
5973,61,2671
5973,68,2671
5973,69,2671
5977,10,2671
5977,12,2671
5977,27,2671
5977,30,2671
5977,40,2671
5977,56,2671
5977,57,2671
5977,58,2671
5977,59,2671
5977,60,2671
5977,61,2671
5977,68,2671
5977,69,2671
5980,10,2671
5980,12,2671
5980,27,2671
5980,30,2671
5980,40,2671
5980,56,2671
5980,57,2671
5980,58,2671
5980,59,2671
5980,60,2671
5980,61,2671
5980,68,2671
5980,69,2671
5982,10,2671
5982,12,2671
5982,27,2671
5982,30,2671
5982,40,2671
5982,56,2671
5982,57,2671
5982,58,2671
5982,59,2671
5982,60,2671
5982,61,2671
5982,68,2671
5982,69,2671
5984,10,2671
5984,12,2671
5984,27,2671
5984,30,2671
5984,40,2671
5984,56,2671
5984,57,2671
5984,58,2671
5984,59,2671
5984,60,2671
5984,61,2671
5984,68,2671
5984,69,2671
5986,10,2671
5986,12,2671
5986,27,2671
5986,30,2671
5986,40,2671
5986,56,2671
5986,57,2671
5986,58,2671
5986,59,2671
5986,60,2671
5986,61,2671
5986,68,2671
5986,69,2671
5988,10,2671
5988,12,2671
5988,27,2671
5988,30,2671
5988,40,2671
5988,56,2671
5988,57,2671
5988,58,2671
5988,59,2671
5988,60,2671
5988,61,2671
5988,68,2671
5988,69,2671
5990,10,2671
5990,12,2671
5990,27,2671
5990,30,2671
5990,40,2671
5990,56,2671
5990,57,2671
5990,58,2671
5990,59,2671
5990,60,2671
5990,61,2671
5990,68,2671
5990,69,2671
5993,10,2671
5993,30,2671
5993,40,2671
5993,56,2671
5993,57,2671
5993,58,2671
5995,10,2671
5995,30,2671
5995,40,2671
5995,56,2671
5995,57,2671
5995,58,2671
5997,1,
5997,16,
5997,44,
6035,1,
6035,16,
6035,44,
6038,1,8575
6038,12,8575
6038,15,8575
6039,1,8575
6039,12,8575
6039,27,8575
6039,33,8575
6041,1,8575
6041,12,8575
6041,27,8575
6041,33,8575
6043,1,8575
6043,6,8575
6043,12,
6043,27,8575
6043,33,8575
6047,1,8575
6047,12,8575
6047,15,8575
6048,1,8575
6048,12,8575
6048,15,8575
6050,1,8575
6050,12,8575
6051,1,8575
6051,12,8575
6051,15,8575
6052,15,8575
6054,6,
6054,47,
6055,15,8575
6056,1,8575
6056,12,8575
6056,15,8575
6057,1,8575
6057,12,8575
6059,1,8575
6059,12,8575
6063,1,8575
6063,12,8575
6068,15,8575
6069,6,
6069,15,120
6069,47,
6071,6,
6071,15,120
6071,47,
6073,1,8575
6073,12,8575
6075,1,8575
6075,12,8575
6078,1,8575
6078,12,8575
6078,15,8575
6081,22,
6081,55,
6085,6,
6085,47,
6087,1,
6087,6,
6087,29,
6087,41,
6087,47,
6087,51,
6088,1,
6088,6,
6088,29,
6088,41,
6088,47,
6088,51,
6089,1,
6089,6,
6089,29,
6089,41,
6089,47,
6089,51,
6090,1,
6090,6,
6090,29,
6090,41,
6090,47,
6090,51,
6091,1,
6091,6,
6091,29,
6091,41,
6091,47,
6091,51,
6092,1,
6092,6,
6092,29,
6092,41,
6092,47,
6092,51,
6094,8,
6096,8,
6098,8,
6101,8,
6103,8,
6106,8,
6106,17,
6108,8,
6108,17,
8444,8,
8444,45,
8445,8,
8445,47,
8445,63,
8447,1,
8448,1,
8448,8,
8448,47,
8449,8,
8449,47,
8449,63,
8450,8,
8450,47,
8450,63,
8452,8,
8452,47,
8452,63,
8453,8,
8453,41,
8453,47,
8454,1,
8459,1,
8459,8,
8459,47,
8461,47,
8462,6,
8462,18,
8464,1,
8465,1,
8465,8,
8465,47,
8466,8,
8466,12,
8466,27,
8466,41,
8466,44,
8466,45,
8467,8,
8467,47,
8467,63,
8470,8,
8470,47,
8470,63,
8471,1,
8472,47,
8473,8,
8473,30,
8473,47,
8473,63,
8523,1,
8523,12,
8523,17,
8523,29,
8525,1,
8525,12,
8525,17,
8525,29,
8527,1,
8527,12,
8527,17,
8527,29,
8542,27,
8542,43,
8544,27,
8544,43,
8545,1,
8546,1,
8590,10,2675
8590,40,2675
8590,44,2675
8590,48,2675
8590,56,2675
8590,57,2675
8590,58,2675
8594,40,2671
8594,56,2671
8594,57,2671
8600,12,2671
8600,44,2671
8601,40,922
8601,48,922
8626,17,
8627,17,
8630,17,
8631,1,8575
8631,12,8575
8631,15,8575
8632,17,
8645,17,
8648,1,8575
8648,12,8575
8652,1,
8652,17,
8655,17,
8656,1,8575
8656,12,8575
8672,18,
8678,1,8575
8678,12,8575
8678,15,8575
8680,1,8575
8680,12,8575
8684,8,
8684,47,
8684,63,
8685,1,8575
8685,12,8575
8685,15,8575
8688,22,
8691,1,
8691,47,
8691,63,
8695,6,
8695,12,
8695,47,
8700,6,
8700,41,
8703,1,
8703,6,
8703,8,
8703,47,
8704,15,120
8704,47,
8710,1,
8710,12,
8710,29,
8711,1,
8711,12,
8711,29,
8735,8,
8741,6,
8741,47,
8760,6,
8760,47,
8763,6,
8773,1,
8773,8,
8773,47,
8784,47,
8811,4,
8811,47,
8834,8,
8834,47,
8850,8,
8850,47,
8850,63,
8857,8,
8896,1,
8955,1,
8956,1,
8969,1,
8989,1,
8990,1,
8993,1,
9009,1,
9067,1,
9067,12,
9067,29,
9200,1,
9215,12,
9215,51,
9225,1,
10436,1,
10436,12,
10436,17,
10436,29,
11935,47,
12973,1,
12973,12,
12973,40,
12974,1,
12974,12,
12974,40,
13048,8,
13049,8,
13050,44,
13051,44,
13052,8,
13053,8,
13054,47,
13055,8,
13055,63,
13063,8,
13064,8,
13065,8,
13066,8,
13067,8,
13067,11,
13068,8,
13069,8,
13070,8,
13071,8,
13072,8,
13073,8,
13074,8,
13075,8,
13076,8,
13077,8,
13078,8,
13079,8,
13080,8,
13081,8,
13082,6,
13083,6,
13083,7,
13083,45,
14593,40,2676
14594,12,922
14594,27,922
14594,40,922
14596,22,
14596,55,
15585,6,
15585,41,
15586,6,
15586,41,
15587,6,
15587,12,
15587,41,
16504,1,
16504,6,
16504,29,
16504,44,
16505,1,
16505,6,
16505,29,
16505,44,
16506,1,
16506,6,
16506,29,
16506,44,
16507,1,
16507,6,
16507,29,
16507,44,
16508,1,
16508,6,
16508,29,
16508,44,
16509,1,
16509,6,
16509,29,
16509,44,
16510,1,
16510,6,
16510,29,
16510,44,
16531,1,
16531,12,
16531,17,
16531,29,
16532,1,
16532,12,
16532,17,
16532,29,
16533,1,
16533,12,
16533,17,
16533,29,
16534,1,
16534,29,
16535,1,
16535,12,
16535,17,
16535,29,
16536,1,
16536,12,
16536,17,
16536,29,
16537,1,
16537,12,
16537,17,
16537,29,
16538,1,
16538,12,
16538,17,
16538,29,
16539,1,
16539,12,
16539,17,
16539,29,
16540,1,
16540,12,
16540,17,
16540,29,
16541,1,
16541,29,
16609,1,8575
16609,12,8575
16609,15,8575
16712,51,
16714,51,
16716,51,
16727,51,
16848,47,
16850,1,
16850,8,
16850,47,
16907,16,
16907,44,
16915,10,2671
16915,12,2671
16915,27,2671
16915,30,2671
16915,40,2671
16915,56,2671
16915,57,2671
16915,58,2671
16915,59,2671
16915,60,2671
16915,61,2671
16915,68,2671
16915,69,2671
16917,10,2671
16917,30,2671
16917,40,2671
16917,56,2671
16917,57,2671
16917,58,2671
16919,10,2671
16919,30,2671
16919,40,2671
16919,56,2671
16919,57,2671
16919,58,2671
16921,10,2671
16921,30,2671
16921,40,2671
16921,56,2671
16921,57,2671
16921,58,2671
16923,10,2671
16923,30,2671
16923,40,2671
16923,56,2671
16923,57,2671
16923,58,2671
16925,10,2671
16925,30,2671
16925,40,2671
16925,56,2671
16925,57,2671
16925,58,2671
16925,63,2671
16927,10,2671
16927,30,2671
16927,40,2671
16927,56,2671
16927,57,2671
16927,58,2671
16929,10,2671
16929,30,2671
16929,40,2671
16929,56,2671
16929,57,2671
16929,58,2671
16931,10,2671
16931,30,2671
16931,40,2671
16931,56,2671
16931,57,2671
16931,58,2671
16933,10,2671
16933,30,2671
16933,40,2671
16933,56,2671
16933,57,2671
16933,58,2671
16935,12,2671
16935,30,2671
16935,40,2671
16935,56,2671
16935,57,2671
16935,58,2671
16935,59,2671
16935,60,2671
16935,61,2671
16938,12,2671
16938,30,2671
16938,40,2671
16938,56,2671
16938,57,2671
16938,58,2671
16938,59,2671
16938,60,2671
16938,61,2671
16941,12,2671
16941,30,2671
16941,40,2671
16941,56,2671
16941,57,2671
16941,58,2671
16941,59,2671
16941,60,2671
16941,61,2671
16944,12,2671
16944,30,2671
16944,40,2671
16944,56,2671
16944,57,2671
16944,58,2671
16944,59,2671
16944,60,2671
16944,61,2671
16947,12,2671
16947,30,2671
16947,40,2671
16947,56,2671
16947,57,2671
16947,58,2671
16947,59,2671
16947,60,2671
16947,61,2671
16949,12,2671
16949,30,2671
16949,40,2671
16949,56,2671
16949,57,2671
16949,58,2671
16949,59,2671
16949,60,2671
16949,61,2671
16952,12,2671
16952,30,2671
16952,40,2671
16952,56,2671
16952,57,2671
16952,58,2671
16952,59,2671
16952,60,2671
16952,61,2671
16955,12,2671
16955,30,2671
16955,40,2671
16955,56,2671
16955,57,2671
16955,58,2671
16955,59,2671
16955,60,2671
16955,61,2671
16958,12,2671
16958,30,2671
16958,40,2671
16958,56,2671
16958,57,2671
16958,58,2671
16958,59,2671
16958,60,2671
16958,61,2671
16961,12,2671
16961,30,2671
16961,40,2671
16961,56,2671
16961,57,2671
16961,58,2671
16961,59,2671
16961,60,2671
16961,61,2671
16964,12,2671
16964,30,2671
16964,40,2671
16964,56,2671
16964,57,2671
16964,58,2671
16964,59,2671
16964,60,2671
16964,61,2671
16967,12,2671
16967,30,2671
16967,40,2671
16967,56,2671
16967,57,2671
16967,58,2671
16967,59,2671
16967,60,2671
16967,61,2671
16970,12,2671
16970,30,2671
16970,40,2671
16970,56,2671
16970,57,2671
16970,58,2671
16970,59,2671
16970,60,2671
16970,61,2671
16973,10,2671
16973,12,2671
16973,27,2671
16973,30,2671
16973,40,2671
16973,56,2671
16973,57,2671
16973,58,2671
16973,59,2671
16973,60,2671
16973,61,2671
16973,68,2671
16973,69,2671
16975,10,2671
16975,12,2671
16975,27,2671
16975,30,2671
16975,40,2671
16975,56,2671
16975,57,2671
16975,58,2671
16975,59,2671
16975,60,2671
16975,61,2671
16975,68,2671
16975,69,2671
16977,10,2671
16977,12,2671
16977,27,2671
16977,30,2671
16977,40,2671
16977,56,2671
16977,57,2671
16977,58,2671
16977,59,2671
16977,60,2671
16977,61,2671
16977,68,2671
16977,69,2671
16980,10,2671
16980,12,2671
16980,27,2671
16980,30,2671
16980,40,2671
16980,56,2671
16980,57,2671
16980,58,2671
16980,59,2671
16980,60,2671
16980,61,2671
16980,68,2671
16980,69,2671
16983,10,2671
16983,12,2671
16983,27,2671
16983,30,2671
16983,40,2671
16983,56,2671
16983,57,2671
16983,58,2671
16983,59,2671
16983,60,2671
16983,61,2671
16983,68,2671
16983,69,2671
16986,10,2671
16986,12,2671
16986,27,2671
16986,30,2671
16986,40,2671
16986,56,2671
16986,57,2671
16986,58,2671
16986,59,2671
16986,60,2671
16986,61,2671
16986,68,2671
16986,69,2671
16988,10,2671
16988,12,2671
16988,27,2671
16988,30,2671
16988,40,2671
16988,56,2671
16988,57,2671
16988,58,2671
16988,59,2671
16988,60,2671
16988,61,2671
16988,68,2671
16988,69,2671
16990,10,2671
16990,12,2671
16990,27,2671
16990,30,2671
16990,40,2671
16990,56,2671
16990,57,2671
16990,58,2671
16990,59,2671
16990,60,2671
16990,61,2671
16990,68,2671
16990,69,2671
16992,10,2671
16992,12,2671
16992,27,2671
16992,30,2671
16992,40,2671
16992,56,2671
16992,57,2671
16992,58,2671
16992,59,2671
16992,60,2671
16992,61,2671
16992,68,2671
16992,69,2671
16994,10,2671
16994,12,2671
16994,27,2671
16994,30,2671
16994,40,2671
16994,56,2671
16994,57,2671
16994,58,2671
16994,59,2671
16994,60,2671
16994,61,2671
16994,68,2671
16994,69,2671
16996,10,2671
16996,12,2671
16996,27,2671
16996,30,2671
16996,40,2671
16996,56,2671
16996,57,2671
16996,58,2671
16996,59,2671
16996,60,2671
16996,61,2671
16996,68,2671
16996,69,2671
16998,10,2671
16998,12,2671
16998,27,2671
16998,30,2671
16998,40,2671
16998,56,2671
16998,57,2671
16998,58,2671
16998,59,2671
16998,60,2671
16998,61,2671
16998,68,2671
16998,69,2671
17001,10,2671
17001,12,2671
17001,27,2671
17001,30,2671
17001,40,2671
17001,56,2671
17001,57,2671
17001,58,2671
17001,59,2671
17001,60,2671
17001,61,2671
17001,68,2671
17001,69,2671
17005,10,2671
17005,12,2671
17005,27,2671
17005,30,2671
17005,40,2671
17005,56,2671
17005,57,2671
17005,58,2671
17005,59,2671
17005,60,2671
17005,61,2671
17005,68,2671
17005,69,2671
17008,10,2671
17008,12,2671
17008,27,2671
17008,30,2671
17008,40,2671
17008,56,2671
17008,57,2671
17008,58,2671
17008,59,2671
17008,60,2671
17008,61,2671
17008,68,2671
17008,69,2671
17010,10,
17010,12,2671
17010,27,2671
17010,30,2671
17010,31,
17010,40,2671
17010,56,2671
17010,57,2671
17010,58,2671
17010,59,2671
17010,60,2671
17010,61,2671
17010,68,2671
17010,69,2671
17012,12,2671
17012,27,2671
17012,30,2671
17012,40,2671
17012,56,2671
17012,57,2671
17012,58,2671
17012,59,2671
17012,60,2671
17012,61,2671
17012,68,2671
17012,69,2671
17014,12,2671
17014,27,2671
17014,30,2671
17014,40,2671
17014,56,2671
17014,57,2671
17014,58,2671
17014,59,2671
17014,60,2671
17014,61,2671
17014,68,2671
17014,69,2671
17016,12,2671
17016,27,2671
17016,30,2671
17016,40,2671
17016,56,2671
17016,57,2671
17016,58,2671
17016,59,2671
17016,60,2671
17016,61,2671
17016,68,2671
17016,69,2671
17018,12,2671
17018,27,2671
17018,30,2671
17018,40,2671
17018,56,2671
17018,57,2671
17018,58,2671
17018,59,2671
17018,60,2671
17018,61,2671
17018,68,2671
17018,69,2671
17020,12,2671
17020,27,2671
17020,30,2671
17020,40,2671
17020,56,2671
17020,57,2671
17020,58,2671
17020,59,2671
17020,60,2671
17020,61,2671
17020,68,2671
17020,69,2671
17022,12,2671
17022,27,2671
17022,30,2671
17022,40,2671
17022,56,2671
17022,57,2671
17022,58,2671
17022,59,2671
17022,60,2671
17022,61,2671
17022,68,2671
17022,69,2671
17025,12,2671
17025,27,2671
17025,30,2671
17025,40,2671
17025,56,2671
17025,57,2671
17025,58,2671
17025,59,2671
17025,60,2671
17025,61,2671
17025,68,2671
17025,69,2671
17028,12,2671
17028,27,2671
17028,30,2671
17028,40,2671
17028,56,2671
17028,57,2671
17028,58,2671
17028,59,2671
17028,60,2671
17028,61,2671
17028,68,2671
17028,69,2671
17029,55,
17031,12,2671
17031,27,2671
17031,30,2671
17031,40,2671
17031,56,2671
17031,57,2671
17031,58,2671
17031,59,2671
17031,60,2671
17031,61,2671
17031,68,2671
17031,69,2671
17034,12,2671
17034,27,2671
17034,30,2671
17034,40,2671
17034,56,2671
17034,57,2671
17034,58,2671
17034,59,2671
17034,60,2671
17034,61,2671
17034,68,2671
17034,69,2671
17036,12,2671
17036,27,2671
17036,30,2671
17036,40,2671
17036,56,2671
17036,57,2671
17036,58,2671
17036,59,2671
17036,60,2671
17036,61,2671
17036,68,2671
17036,69,2671
17039,12,2671
17039,27,2671
17039,30,2671
17039,40,2671
17039,56,2671
17039,57,2671
17039,58,2671
17039,59,2671
17039,60,2671
17039,61,2671
17039,68,2671
17039,69,2671
17041,12,2671
17041,27,2671
17041,30,2671
17041,40,2671
17041,56,2671
17041,57,2671
17041,58,2671
17041,59,2671
17041,60,2671
17041,61,2671
17041,68,2671
17041,69,2671
17043,12,2671
17043,27,2671
17043,30,2671
17043,40,2671
17043,56,2671
17043,57,2671
17043,58,2671
17043,59,2671
17043,60,2671
17043,61,2671
17043,68,2671
17043,69,2671
17045,12,2671
17045,27,2671
17045,30,2671
17045,40,2671
17045,56,2671
17045,57,2671
17045,58,2671
17045,59,2671
17045,60,2671
17045,61,2671
17045,68,2671
17045,69,2671
17047,12,2671
17047,27,2671
17047,30,2671
17047,40,2671
17047,56,2671
17047,57,2671
17047,58,2671
17047,59,2671
17047,60,2671
17047,61,2671
17047,68,2671
17047,69,2671
17049,10,2675
17049,12,2675
17049,27,2675
17049,30,2675
17049,40,2675
17049,56,2675
17049,57,2675
17049,58,2675
17049,59,2675
17049,60,2675
17049,61,2675
17049,68,2675
17049,69,2675
17051,10,2675
17051,40,2675
17051,44,2675
17051,48,2675
17051,56,2675
17051,57,2675
17051,58,2675
17053,10,2675
17053,30,2675
17053,40,2675
17053,56,2675
17053,57,2675
17053,58,2675
17055,10,2675
17055,30,2675
17055,40,2675
17055,56,2675
17055,57,2675
17055,58,2675
17057,10,2675
17057,30,2675
17057,40,2675
17057,56,2675
17057,57,2675
17057,58,2675
17059,10,2675
17059,12,2675
17059,27,2675
17059,30,2675
17059,40,2675
17059,56,2675
17059,57,2675
17059,58,2675
17059,59,2675
17059,60,2675
17059,61,2675
17059,68,2675
17059,69,2675
17062,10,2675
17062,12,2675
17062,27,2675
17062,30,2675
17062,40,2675
17062,56,2675
17062,57,2675
17062,58,2675
17062,59,2675
17062,60,2675
17062,61,2675
17062,68,2675
17062,69,2675
17065,10,2675
17065,30,2675
17065,40,2675
17065,44,2675
17065,48,2675
17065,56,2675
17065,57,2675
17065,58,2675
17069,10,2675
17069,40,2675
17069,44,2675
17069,48,2675
17069,56,2675
17069,57,2675
17069,58,2675
17073,10,2675
17073,40,2675
17073,44,2675
17073,48,2675
17073,56,2675
17073,57,2675
17073,58,2675
17077,10,2675
17077,12,2675
17077,27,2675
17077,30,2675
17077,40,2675
17077,56,2675
17077,57,2675
17077,58,2675
17077,59,2675
17077,60,2675
17077,61,2675
17077,68,2675
17077,69,2675
17079,10,2675
17079,40,2675
17079,44,2675
17079,48,2675
17079,56,2675
17079,57,2675
17079,58,2675
17081,10,2675
17081,30,2675
17081,40,2675
17081,56,2675
17081,57,2675
17081,58,2675
17083,10,2675
17083,12,2675
17083,27,2675
17083,30,2675
17083,40,2675
17083,56,2675
17083,57,2675
17083,58,2675
17083,59,2675
17083,60,2675
17083,61,2675
17083,68,2675
17083,69,2675
17085,10,2675
17085,12,2675
17085,27,2675
17085,30,2675
17085,40,2675
17085,56,2675
17085,57,2675
17085,58,2675
17085,59,2675
17085,60,2675
17085,61,2675
17085,68,2675
17085,69,2675
17087,10,2675
17087,30,2675
17087,40,2675
17087,44,2675
17087,48,2675
17087,56,2675
17087,57,2675
17087,58,2675
17366,1,
17366,29,
17381,22,8575
17384,1,
17384,12,
17384,17,
17384,29,
17385,1,
17385,12,
17385,17,
17385,29,
29182,4,120
29182,12,922
29182,25,922
29182,40,922
29182,48,922
29183,4,120
29183,12,922
29183,25,120
29183,40,922
29184,10,2676
29184,40,2676
29184,44,
29184,48,2676
29184,63,2676
29185,40,2676
29185,63,2676
29186,25,922
29186,44,922
29187,44,
29187,63,
29188,44,922
29188,63,922
29189,44,
29189,63,
29190,25,922
29190,40,922
29190,44,922
29191,12,922
29191,40,922
29192,12,922
29192,40,922
29192,44,922
29193,12,922
29193,25,922
29193,40,922
29194,12,922
29194,40,922
29195,25,922
29195,40,922
29195,44,922
29196,40,922
29197,44,
29198,44,2676
29199,44,
29200,12,5654
29200,27,5654
29200,30,5654
29200,40,5654
29201,10,5654
29201,12,5654
29201,30,5654
29201,40,5654
29202,10,5654
29202,12,5654
29202,30,5654
29202,40,5654
29203,10,5654
29203,12,5654
29203,30,5654
29203,40,5654
29204,10,5654
29204,12,5654
29204,30,5654
29204,40,5654
29205,10,5654
29205,12,5654
29205,30,5654
29205,40,5654
29207,1,5654
29207,2,5654
29207,10,5654
29207,12,5654
29208,1,5654
29208,27,5654
29208,30,5654
29209,44,5654
29210,44,5654
29211,10,5654
29212,10,5654
29213,10,5654
29214,1,5654
29214,40,5654
29215,1,5654
29215,40,5654
29216,1,5654
29216,40,5654
29217,1,5654
29217,40,5654
29218,1,5654
29218,40,5654
29219,10,2671
29219,30,2671
29219,40,2671
29219,56,2671
29219,57,2671
29219,58,2671
29220,10,2671
29220,30,2671
29220,40,2671
29220,56,2671
29220,57,2671
29220,58,2671
29221,10,2671
29221,12,2671
29221,30,2671
29221,40,2671
29221,56,2671
29221,57,2671
29221,58,2671
29221,59,2671
29221,60,2671
29221,61,2671
29222,10,2671
29222,12,2671
29222,27,2671
29222,30,2671
29222,40,2671
29222,56,2671
29222,57,2671
29222,58,2671
29222,59,2671
29222,60,2671
29222,61,2671
29222,68,2671
29222,69,2671
29223,10,2671
29223,12,2671
29223,27,2671
29223,30,2671
29223,40,2671
29223,56,2671
29223,57,2671
29223,58,2671
29223,59,2671
29223,60,2671
29223,61,2671
29223,68,2671
29223,69,2671
29224,10,2671
29224,40,2671
29224,56,2671
29224,57,2671
29224,58,
29225,10,2675
29225,30,2675
29225,40,2675
29225,56,2675
29225,57,2675
29225,58,2675
29226,10,2675
29226,30,2675
29226,40,2675
29226,56,2675
29226,57,2675
29226,58,2675
29227,10,2675
29227,40,2675
29227,44,2675
29227,48,2675
29227,56,2675
29227,57,2675
29227,58,2675
29229,12,5654
29229,28,5654
29230,12,922
29230,25,120
29230,30,922
29230,40,922
29230,48,922
29231,12,922
29231,40,922
29232,12,922
29232,40,922
29233,12,922
29233,40,922
29234,40,922
29234,44,922
29235,12,922
29235,40,922
29236,10,2676
29236,40,2676
29236,48,2676
29236,63,2676
29237,10,2676
29237,40,2676
29237,63,2676
29238,8,
29238,45,
29239,8,
29239,47,
29240,8,
29240,47,
29241,8,
29241,47,
29241,63,
29242,8,
29243,8,
29243,47,
29244,8,
29244,47,
29245,8,
29245,47,
29246,8,
29246,47,
29247,8,
29248,8,
29248,47,
29249,8,
29250,8,
29250,30,
29250,47,
29250,63,
29251,8,
29251,47,
29252,8,
29253,1,
29253,8,
29253,30,
29253,47,
29253,63,
29254,1,
29254,8,
29254,30,
29254,47,
29254,63,
29255,1,
29255,19,
29255,29,
29256,27,
29256,29,
29257,39,
29258,39,
29259,8,
29259,30,
29259,47,
29260,1,
29260,8,
29260,47,
29261,8,
29261,47,
29262,1,
29262,8,
29262,47,
29263,8,
29263,47,
29264,8,
29264,47,
29265,8,
29265,47,
29266,1,
29266,8,
29266,47,
29267,8,
29268,8,
29269,8,
29269,41,
29269,47,
29270,8,
29270,41,
29270,47,
29271,1,
29271,8,
29271,30,
29271,47,
29272,37,
29273,37,
29274,12,2671
29274,27,2671
29274,30,2671
29274,40,2671
29274,56,2671
29274,57,2671
29274,58,2671
29274,59,2671
29274,60,2671
29274,61,2671
29274,68,2671
29274,69,2671
29275,12,2671
29275,27,2671
29275,30,2671
29275,40,2671
29275,56,2671
29275,57,2671
29275,58,2671
29275,59,2671
29275,60,2671
29275,61,2671
29275,68,2671
29275,69,2671
29276,12,2671
29276,27,2671
29276,30,2671
29276,40,2671
29276,56,2671
29276,57,2671
29276,58,2671
29276,59,2671
29276,60,2671
29276,61,2671
29276,68,2671
29276,69,2671
29277,12,2671
29277,27,2671
29277,30,2671
29277,40,2671
29277,56,2671
29277,57,2671
29277,58,2671
29277,59,2671
29277,60,2671
29277,61,2671
29277,68,2671
29277,69,2671
29278,12,2671
29278,27,2671
29278,30,2671
29278,40,2671
29278,56,2671
29278,57,2671
29278,58,2671
29278,59,2671
29278,60,2671
29278,61,2671
29278,68,2671
29278,69,2671
29279,10,2675
29279,12,2675
29279,27,2675
29279,30,2675
29279,40,2675
29279,56,2675
29279,57,2675
29279,58,2675
29279,59,2675
29279,60,2675
29279,61,2675
29279,68,2675
29279,69,2675
29280,10,2675
29280,12,2675
29280,27,2675
29280,30,2675
29280,40,2675
29280,56,2675
29280,57,2675
29280,58,2675
29280,59,2675
29280,60,2675
29280,61,2675
29280,68,2675
29280,69,2675
29281,10,2675
29281,30,2675
29281,40,2675
29281,56,2675
29281,57,2675
29281,58,2675
29282,10,2675
29282,30,2675
29282,40,2675
29282,56,2675
29282,57,2675
29282,58,2675
29283,10,2675
29283,30,2675
29283,40,2675
29283,56,2675
29283,57,2675
29283,58,2675
29284,10,2675
29284,30,2675
29284,40,2675
29284,56,2675
29284,57,2675
29284,58,2675
29285,10,2675
29285,12,2675
29285,27,2675
29285,30,2675
29285,40,2675
29285,56,2675
29285,57,2675
29285,58,2675
29285,59,2675
29285,60,2675
29285,61,2675
29285,68,2675
29285,69,2675
29286,10,2675
29286,12,2675
29286,27,2675
29286,30,2675
29286,40,2675
29286,56,2675
29286,57,2675
29286,58,2675
29286,59,2675
29286,60,2675
29286,61,2675
29286,68,2675
29286,69,2675
29287,10,2675
29287,30,2675
29287,40,2675
29287,56,2675
29287,57,2675
29287,58,2675
29288,10,5654
29288,12,5654
29288,30,5654
29288,40,5654
29289,1,5654
29289,27,5654
29289,30,5654
29290,1,5654
29290,27,5654
29290,30,5654
29291,10,2675
29291,12,2675
29291,27,2675
29291,30,2675
29291,40,2675
29291,56,2675
29291,57,2675
29291,58,2675
29291,59,2675
29291,60,2675
29291,61,2675
29291,68,2675
29291,69,2675
29292,10,2675
29292,12,2675
29292,27,2675
29292,30,2675
29292,40,2675
29292,56,2675
29292,57,2675
29292,58,2675
29292,59,2675
29292,60,2675
29292,61,2675
29292,68,2675
29292,69,2675
29293,40,2671
29293,56,2671
29293,57,2671
29293,58,
29294,12,2671
29294,40,2671
29294,56,2671
29294,57,2671
29294,58,
29295,12,2671
29295,40,2671
29295,56,2671
29295,57,2671
29295,58,
29296,12,2671
29296,40,2671
29296,56,2671
29296,57,2671
29296,58,
29297,10,2671
29297,12,2671
29297,40,2671
29297,56,2671
29297,57,2671
29297,58,
29298,12,2671
29298,40,2671
29298,56,2671
29298,57,2671
29298,58,
29299,12,2671
29299,40,2671
29299,56,2671
29299,57,2671
29299,58,
29300,12,2671
29300,40,2671
29300,56,2671
29300,57,2671
29300,58,
29301,12,2671
29301,40,2671
29301,56,2671
29301,57,2671
29301,58,
29302,1,2671
29302,12,2671
29303,10,5654
29303,12,5654
29303,30,5654
29303,40,5654
29304,40,2676
29304,63,2676
29306,10,2676
29306,40,2676
29307,40,2676
29307,63,2676
29308,47,
29309,8,
29309,47,
29309,63,
29310,8,
29310,47,
29311,8,
29311,47,
29312,8,
29312,47,
29313,8,
29313,47,
29314,8,
29314,47,
29315,8,
29316,8,
29316,47,
29317,8,
29317,47,
29318,8,
29319,8,
29319,47,
29320,8,
29320,47,
29321,8,
29321,47,
29322,8,
29322,45,
29322,47,
29323,1,
29323,6,
29323,8,
29324,6,
29324,7,
29326,1,
29326,29,
29329,12,922
29329,30,922
29329,40,922
29445,1,
29445,6,
29445,47,
29448,1,
29448,6,
29448,47,
29448,63,
29450,6,
29450,47,
29452,1,
29452,6,
29452,47,
29455,1,
29455,6,
29455,47,
29463,1,
29463,6,
29465,1,
29465,6,
29465,29,
29465,41,
29465,47,
29465,51,
29466,1,
29466,6,
29466,29,
29466,41,
29466,47,
29466,51,
29468,8,
29468,17,
29469,8,
29509,1,922
29509,12,922
29509,44,922
29596,55,
29631,1,
29631,29,
29700,6,
29700,47,
29707,1,
29707,6,
29707,7,
29707,8,
29707,47,
29711,1,
29711,6,
29711,8,
29711,49,
29712,1,
29712,6,
29712,8,
29712,49,
29713,1,
29713,6,
29713,8,
29713,49,
29714,1,
29714,6,
29714,8,
29714,49,
29715,1,
29715,6,
29715,8,
29715,49,
29717,6,
29717,12,
29717,41,
30551,22,
31229,1,5654
31229,12,5654
31229,27,5654
31230,1,
31230,2,
31230,10,
31230,12,
31230,13,
31230,25,
31230,27,
31230,59,
31230,60,
31230,61,
31230,66,
31230,67,
31231,10,
31231,40,
31231,56,
31231,57,
31231,58,
31235,1,5654
31235,12,5654
31235,27,5654
31236,44,
31236,47,
31238,1,
31238,48,
31239,1,
31239,48,
31240,1,
31240,48,
31241,1,
31241,48,
31244,1,
31244,48,
31245,1,
31245,48,
31246,1,
31246,48,
31247,1,
31247,48,
31248,1,
31248,48,
31252,1,
31252,48,
31253,17,
31254,1,
31254,48,
31255,1,
31255,48,
31256,1,
31256,48,
31258,1,
31258,48,
31259,1,
31259,48,
31261,1,
31261,48,
31262,1,
31262,48,
31264,48,
31265,48,
31266,48,
31267,1,
31267,48,
31268,1,
31268,48,
31269,1,
31269,48,
31270,48,
31271,1,
31271,48,
31272,1,
31272,48,
31273,48,
31274,1,
31274,48,
31275,1,
31275,48,
31276,1,
31276,48,
31277,1,
31277,48,
31278,1,
31278,48,
31279,1,
31279,48,
31280,1,
31280,48,
31282,1,
31282,48,
31283,1,
31283,48,
31284,1,
31284,27,
31284,33,
31284,43,
31284,53,
31285,1,
31285,27,
31285,33,
31285,43,
31285,53,
31286,1,
31286,6,
31286,29,
31286,44,
31287,1,
31287,29,
31288,1,
31288,29,
31289,1,
31289,29,
31290,1,
31290,29,
31291,8,
31292,8,
31293,8,
31294,8,
31295,8,
31296,8,
31297,8,
31298,8,
31299,8,
31300,1,
31300,6,
31300,29,
31300,41,
31300,47,
31300,51,
31301,1,
31301,6,
31301,41,
31302,1,
31302,6,
31302,41,
31303,8,
31304,1,
31304,6,
31304,29,
31304,41,
31304,47,
31304,51,
31305,1,
31305,6,
31305,29,
31305,41,
31305,47,
31305,51,
31306,1,
31306,6,
31306,29,
31306,41,
31306,47,
31306,51,
31307,1,
31307,6,
31307,29,
31307,41,
31307,47,
31307,51,
31308,1,
31308,6,
31308,29,
31308,41,
31308,47,
31308,51,
31309,8,
31309,55,
31310,8,
31310,55,
31311,8,
31311,55,
31312,1,
31312,6,
31312,28,
31312,29,
31312,41,
31312,47,
31312,51,
31313,1,
31313,6,
31313,28,
31313,29,
31313,41,
31313,47,
31313,51,
31314,1,
31314,6,
31314,28,
31314,29,
31314,41,
31314,47,
31314,51,
31315,1,
31315,6,
31315,28,
31315,29,
31315,41,
31315,47,
31315,51,
31324,1,8575
31324,12,8575
31324,27,8575
31325,1,8575
31325,12,8575
31327,1,8575
31327,12,8575
31327,27,8575
31328,1,8575
31328,12,8575
31328,27,8575
31329,1,8575
31329,12,8575
31330,1,8575
31330,12,8575
31330,27,8575
31331,1,8575
31331,12,8575
31331,27,8575
31332,1,8575
31332,12,8575
31332,27,8575
31333,1,8575
31333,12,8575
31333,15,8575
31334,1,8575
31335,1,8575
31335,12,8575
31335,15,8575
31336,1,8575
31336,12,8575
31336,27,8575
31337,1,8575
31337,12,8575
31337,25,8575
31338,1,8575
31338,12,8575
31339,1,8575
31339,12,8575
31339,27,8575
31340,1,8575
31340,12,8575
31340,27,8575
31341,1,8575
31342,1,8575
31342,12,8575
31342,27,8575
31343,1,8575
31343,12,8575
31343,15,8575
31344,1,8575
31344,12,8575
31348,1,
31348,10,
31348,12,
31348,25,
31348,44,
31356,22,
31359,22,
31360,22,
31365,1,
31365,6,
31365,8,
31365,19,
31366,1,
31366,6,
31366,19,
31367,1,
31367,6,
31367,19,
31368,47,
31371,8,
31371,47,
31372,8,
31372,47,
31374,8,
31374,47,
31375,8,
31375,47,
31377,8,
31377,47,
31379,1,
31379,7,
31379,8,
31379,40,
31379,47,
31380,1,
31380,8,
31380,40,
31380,47,
31381,1,
31381,8,
31381,40,
31381,47,
31382,1,
31382,8,
31382,40,
31382,47,
31383,1,
31383,8,
31383,40,
31383,47,
31384,1,
31384,8,
31384,40,
31384,47,
31388,1,
31388,8,
31388,40,
31388,47,
31389,1,
31389,8,
31389,40,
31389,47,
31390,1,
31390,8,
31390,40,
31390,47,
31391,1,
31391,8,
31391,40,
31391,47,
31608,1,
31608,16,
31608,44,
31609,1,
31609,16,
31609,44,
31610,1,
31610,16,
31610,44,
31611,1,
31611,16,
31611,44,
31612,1,
31612,16,
31612,44,
31613,1,
31613,16,
31613,44,
31614,1,
31614,16,
31614,44,
31615,1,
31615,16,
31615,44,
31616,1,
31616,16,
31616,44,
31617,1,
31617,16,
31617,44,
31618,1,
31618,16,
31618,44,
31619,1,
31619,16,
31619,44,
31620,1,
31620,16,
31620,44,
31621,1,
31621,16,
31621,44,
31622,1,
31622,16,
31622,44,
31623,1,
31623,16,
31623,44,
31624,1,
31624,16,
31624,44,
31625,1,
31625,16,
31625,44,
31626,1,
31626,16,
31626,44,
31627,1,
31627,16,
31627,44,
31628,1,
31628,16,
31628,44,
31629,1,
31629,16,
31629,44,
31630,1,
31630,16,
31630,44,
31631,1,
31631,16,
31631,44,
31632,1,
31632,16,
31632,44,
32076,1,
32076,12,
32076,17,
32076,29,
32077,27,
32077,33,
32077,43,
32078,6,
32079,8,
32080,6,
32081,6,
32081,8,
32082,7,
32082,8,
32083,8,
32084,8,
32085,7,
32085,8,
32086,8,
32087,6,
32088,7,
32088,8,
32089,8,
32090,7,
32090,8,
32091,8,
32092,7,
32092,8,
32093,6,
32093,8,
32094,7,
32094,8,
32095,1,
32095,12,
32095,17,
32095,29,
32096,1,
32096,12,
32096,17,
32096,29,
32097,1,
32097,12,
32097,17,
32097,29,
32104,1,
32104,12,
32104,29,
32105,1,
32105,12,
32105,29,
32113,27,
32113,33,
32113,43,
32113,53,
32114,27,
32114,33,
32114,43,
32114,53,
32115,27,
32115,33,
32115,43,
32115,53,
32116,1,
32116,6,
32116,29,
32116,44,
32121,1,
32121,12,
32121,17,
32121,29,
32311,27,
32311,33,
32311,43,
32312,27,
32312,33,
32312,43,
32344,12,922
32344,30,922
32344,40,922
32345,40,922
32345,48,922
32346,47,
32348,47,
32349,40,922
32349,48,922
32350,10,2676
32350,40,2676
32350,63,2676
32351,10,2676
32351,40,2676
32354,44,2676
32354,63,2676
32355,63,2676
32356,10,2676
32356,40,2676
32356,48,2676
32356,63,2676
32357,40,2676
32357,63,2676
32358,10,
32358,40,2676
32358,48,2676
32358,63,
32359,10,2676
32359,40,2676
32359,48,2676
32359,63,2676
32360,40,2676
32360,63,2676
32361,10,2676
32361,40,2676
32362,27,922
32362,40,922
32365,27,922
32365,40,922
32366,1,
32370,47,
32424,17,
32426,17,
32428,17,
32430,17,
32431,17,
32440,22,
32443,65,
32452,10,5654
32452,40,5654
32464,10,5654
32464,40,5654
32467,40,5654
32469,40,5654
32470,40,5654
32472,40,5654
32474,40,5654
32476,40,5654
32593,10,5654
32593,12,5654
32593,27,5654
32593,30,5654
32593,40,5654
32595,10,5654
32595,12,5654
32595,27,5654
32595,30,5654
32595,40,5654
32597,10,5654
32597,12,5654
32597,27,5654
32597,30,5654
32597,40,5654
32601,10,5654
32601,12,5654
32601,27,5654
32601,30,5654
32601,40,5654
32605,10,5654
32605,12,5654
32605,27,5654
32605,30,5654
32605,40,5654
32609,10,5654
32609,12,5654
32609,27,5654
32609,30,5654
32609,40,5654
32613,10,5654
32613,12,5654
32613,27,5654
32613,30,5654
32613,40,5654
32619,10,5654
32619,12,5654
32619,27,5654
32619,30,5654
32619,40,5654
32624,10,5654
32624,12,5654
32624,30,5654
32624,40,5654
32627,10,5654
32627,12,5654
32627,30,5654
32627,40,5654
32630,10,5654
32630,12,5654
32630,30,5654
32630,40,5654
32634,10,5654
32634,12,5654
32634,30,5654
32634,40,5654
32638,10,5654
32640,44,
32643,10,
32644,12,5654
32644,27,5654
32647,10,5654
32650,10,
32651,10,
32655,40,5654
32656,40,5654
32661,10,5654
32669,44,5654
32679,10,5654
32679,12,5654
32679,27,5654
32679,30,5654
32679,40,5654
32681,10,5654
32681,12,5654
32681,27,5654
32681,30,5654
32681,40,5654
32686,10,5654
32686,12,5654
32686,27,5654
32686,30,5654
32686,40,5654
32691,10,5654
32691,40,5654
32694,10,5654
32694,40,5654
32697,10,5654
32697,12,5654
32697,27,5654
32697,30,5654
32697,40,5654
32701,10,5654
32701,12,5654
32701,27,5654
32701,30,5654
32701,40,5654
32705,10,5654
32705,12,5654
32705,30,5654
32705,40,5654
32706,1,5654
32706,30,5654
32711,10,5654
32711,12,5654
32711,27,5654
32711,30,5654
32711,40,5654
32712,10,5654
32712,12,5654
32712,27,5654
32712,30,5654
32712,40,5654
32714,47,
32716,45,
32717,8,
32724,22,
32726,1,
32726,6,
32726,41,
32728,47,
32730,47,
32731,6,
32734,47,
32736,47,
32738,47,
32740,6,
32740,47,
32741,6,
32741,47,
32746,22,
32748,6,
32750,47,
32753,22,
32759,29,
32761,29,
32763,29,
32765,47,
32766,8,
32768,8,
32768,47,
32770,8,
32771,1,
32771,8,
32771,47,
32772,47,
32774,1,
32774,6,
32774,47,
32775,1,
32775,6,
32775,47,
32778,22,
32780,47,
32781,47,
32784,6,
32784,47,
32786,6,
32786,47,
32794,6,
32795,22,
32796,8,
32797,8,
32799,22,
32801,47,
32811,47,
32812,6,
32812,47,
32813,47,
32814,8,
32814,47,
32822,8,
32822,47,
32822,49,
32823,22,
32824,22,
32825,22,
32826,6,
32826,30,
32826,47,
32826,65,
32827,6,
32827,47,
32827,63,
32828,6,
32828,47,
32828,63,
32829,6,
32829,47,
32829,63,
32830,22,
32831,22,
32832,22,
32839,22,
32840,22,
32844,22,
32845,22,
32846,6,
32846,47,
32849,8,
32878,1,
32878,6,
32878,29,
32878,41,
32878,47,
32878,51,
32879,1,
32879,5,
32879,29,
32879,41,
32879,47,
32879,51,
32880,1,
32880,6,
32880,29,
32880,41,
32880,47,
32880,51,
32882,1,
32882,6,
32882,29,
32882,41,
32882,47,
32882,51,
32885,1,
32885,6,
32885,29,
32885,41,
32885,47,
32885,51,
32886,1,
32886,6,
32886,12,
32886,40,
32887,1,
32887,6,
32887,12,
32887,40,
32888,1,
32888,6,
32888,12,
32888,40,
32901,1,
32901,6,
32901,12,
32901,40,
32902,1,
32902,6,
32902,12,
32902,40,
32903,1,
32903,6,
32903,12,
32903,40,
32905,1,
32905,6,
32905,12,
32905,40,
32907,1,
32907,6,
32907,12,
32907,40,
32913,1,
32913,6,
32913,29,
32913,41,
32913,47,
32913,51,
32929,1,
32929,6,
32929,12,
32929,40,
32930,1,
32930,6,
32930,12,
32930,40,
32932,1,
32932,6,
32932,12,
32932,40,
32936,1,
32936,6,
32936,12,
32936,40,
32937,1,
32937,6,
32937,12,
32937,40,
32938,1,
32938,6,
32938,12,
32938,40,
33151,1,
33151,16,
33151,44,
33152,27,2671
33187,1,
33187,16,
33187,44,
33209,22,
33215,1,8575
33215,12,8575
33217,8,
33221,8,
33221,30,
33221,44,
33221,47,
33221,63,
33222,1,
33222,6,
33222,7,
33222,45,
33223,1,
33223,6,
33223,41,
33271,10,2675
33271,40,2675
33271,44,2675
33271,48,2675
33271,56,2675
33271,57,2675
33271,58,2675
33273,10,2675
33273,40,2675
33273,44,2675
33273,48,2675
33273,56,2675
33273,57,2675
33273,58,2675
33275,10,2675
33275,30,2675
33275,40,2675
33275,56,2675
33275,57,2675
33275,58,2675
33277,10,2675
33277,30,2675
33277,40,2675
33277,56,2675
33277,57,2675
33277,58,2675
33279,10,2675
33279,12,2675
33279,27,2675
33279,30,2675
33279,40,2675
33279,56,2675
33279,57,2675
33279,58,2675
33279,59,2675
33279,60,2675
33279,61,2675
33279,68,2675
33279,69,2675
33281,10,2675
33281,12,2675
33281,27,2675
33281,30,2675
33281,40,2675
33281,56,2675
33281,57,2675
33281,58,2675
33281,59,2675
33281,60,2675
33281,61,2675
33281,68,2675
33281,69,2675
33283,10,2675
33283,12,2675
33283,27,2675
33283,30,2675
33283,40,2675
33283,56,2675
33283,57,2675
33283,58,2675
33283,59,2675
33283,60,2675
33283,61,2675
33283,68,2675
33283,69,2675
33285,10,2675
33285,12,2675
33285,27,2675
33285,30,2675
33285,40,2675
33285,56,2675
33285,57,2675
33285,58,2675
33285,59,2675
33285,60,2675
33285,61,2675
33285,68,2675
33285,69,2675
33287,10,2675
33287,30,2675
33287,40,2675
33287,44,2675
33287,47,
33287,48,2675
33287,56,2675
33287,57,2675
33287,58,2675
33289,10,2675
33289,30,2675
33289,40,2675
33289,44,2675
33289,48,2675
33289,56,2675
33289,57,2675
33289,58,2675
33292,10,2671
33292,40,2671
33292,56,2671
33292,57,2671
33292,58,
33293,10,2671
33293,11,
33293,40,2671
33293,56,2671
33293,57,2671
33293,58,
33294,10,2671
33294,40,2671
33294,56,2671
33294,57,2671
33294,58,
33295,10,2671
33295,25,
33295,27,2671
33295,40,2671
33295,56,2671
33295,57,2671
33295,58,
33297,10,2671
33300,10,2671
33300,40,2671
33300,56,2671
33300,57,2671
33300,58,
33305,10,2671
33305,40,2671
33305,56,2671
33305,57,2671
33305,58,
33307,10,2671
33307,40,2671
33307,56,2671
33307,57,2671
33307,58,
33339,1,
33340,1,
33341,1,
33358,51,
33368,1,
33433,1,
33433,6,
33433,29,
33433,41,
33433,47,
33433,51,
33434,1,
33434,6,
33434,29,
33434,41,
33434,47,
33434,51,
33434,55,
33435,6,
33437,8,
33438,8,
33439,8,
33440,8,
33440,17,
33441,8,
33441,17,
33442,1,
33442,6,
33442,29,
33442,41,
33442,47,
33442,51,
33443,1,
33443,6,
33443,29,
33443,41,
33443,47,
33443,51,
33445,8,
33448,1,
33448,6,
33448,29,
33448,41,
33448,47,
33448,51,
33449,1,
33449,6,
33449,29,
33449,41,
33449,47,
33449,51,
33450,1,
33450,6,
33450,29,
33450,41,
33450,47,
33450,51,
33452,1,
33452,6,
33452,29,
33452,41,
33452,47,
33452,51,
33453,1,
33453,6,
33453,29,
33453,41,
33453,47,
33453,51,
33454,1,
33454,6,
33454,29,
33454,41,
33454,47,
33454,51,
33455,1,
33455,6,
33455,29,
33455,41,
33455,47,
33455,51,
33456,22,
33458,1,
33458,6,
33458,29,
33458,41,
33458,47,
33458,51,
33481,1,
33481,6,
33481,29,
33481,41,
33481,47,
33481,51,
33508,1,
33509,1,
34818,1,
34818,12,
34818,17,
34818,55,
34819,1,
34819,12,
34819,17,
34819,55,
34820,1,
34820,12,
34820,17,
34820,55,
34821,1,
34821,12,
34821,17,
34821,55,
34822,1,
34822,12,
34822,17,
34822,55,
34823,1,
34823,12,
34823,17,
34823,55,
34824,1,
34824,12,
34824,17,
34824,55,
34826,1,
34826,12,
34826,17,
34826,55,
34827,1,
34827,12,
34827,17,
34827,55,
34828,1,
34828,12,
34828,17,
34828,55,
34829,1,
34829,12,
34829,17,
34829,55,
34830,1,
34830,12,
34830,17,
34830,55,
34831,1,
34831,12,
34831,17,
34831,55,
34832,1,
34832,12,
34832,17,
34832,55,
34833,1,
34833,12,
34833,17,
34833,55,
34834,1,
34834,12,
34834,17,
34834,55,
34835,1,
34835,12,
34835,17,
34835,55,
34836,1,
34836,12,
34836,17,
34836,55,
34837,1,
34837,12,
34837,17,
34837,55,
34839,1,
34839,12,
34839,17,
34839,55,
34841,6,
34841,29,
34841,55,
34842,6,
34842,29,
34842,55,
34844,6,
34844,29,
34844,55,
34846,6,
34846,29,
34846,55,
34847,29,
34847,30,
34847,55,
34848,6,
34848,29,
34848,55,
34865,1,
34865,27,
34865,33,
34865,53,
34865,55,
34868,1,
34868,27,
34868,33,
34868,53,
34868,55,
34869,1,
34869,27,
34869,33,
34869,53,
34869,55,
34870,1,
34870,27,
34870,33,
34870,53,
34870,55,
34872,1,
34872,12,
34872,17,
34872,55,
34873,1,
34873,12,
34873,17,
34873,55,
34874,1,
34874,12,
34874,17,
34874,55,
34875,1,
34875,12,
34875,17,
34875,55,
35035,1,
35035,12,
35035,17,
35035,55,
35038,1,
35038,12,
35038,17,
35038,55,
35039,1,
35039,12,
35039,17,
35039,55,
35040,1,
35040,12,
35040,17,
35040,55,
35041,1,
35041,12,
35041,17,
35041,55,
35043,1,
35043,12,
35043,17,
35043,55,
35055,1,
35055,12,
35055,17,
35055,55,
35074,1,
35074,12,
35074,17,
35074,55,
35078,1,
35078,12,
35078,17,
35078,55,
35098,6,
35098,29,
35098,55,
35099,6,
35099,29,
35099,55,
35123,12,922
35123,30,922
35123,40,922
35128,25,922
35128,40,922
35128,44,922
35129,12,922
35129,30,922
35129,40,922
35131,12,922
35131,25,120
35131,30,922
35131,40,922
35131,48,922
35133,25,120
35133,44,922
35135,12,922
35135,40,922
35137,12,922
35137,40,922
35139,12,922
35139,30,922
35139,40,922
35141,12,922
35141,30,922
35141,40,922
35148,12,922
35148,25,120
35148,30,922
35148,40,922
35148,48,922
35154,25,120
35154,44,922
35154,48,
35156,12,922
35156,40,922
35158,12,922
35158,40,922
35160,40,922
35161,25,120
35161,44,922
35162,40,922
35163,40,922
35165,15,922
35165,25,
35165,44,922
35168,10,2676
35168,40,2676
35168,44,
35168,63,2676
35170,12,922
35170,30,922
35170,40,922
35171,10,2676
35171,40,2676
35174,10,2676
35174,40,2676
35177,12,922
35177,25,120
35177,30,922
35177,40,922
35177,44,
35177,48,922
35179,40,2676
35179,63,2676
35181,10,2676
35181,40,2676
35181,48,2676
35181,63,2676
35183,40,2676
35183,63,2676
35186,10,
35186,40,2676
35186,48,2676
35186,63,
35190,10,2676
35190,40,2676
35190,48,2676
35190,63,2676
35192,10,
35192,40,2676
35192,48,2676
35192,63,
35195,10,2676
35195,40,2676
35195,48,2676
35195,63,2676
35197,10,
35197,40,2676
35197,48,2676
35197,63,
35198,12,922
35198,40,922
35200,10,2676
35200,40,2676
35200,63,2676
35202,10,
35202,40,2676
35202,48,2676
35202,63,
35204,10,2676
35204,40,2676
35204,63,2676
35206,10,2676
35206,40,2676
35208,10,2676
35208,40,2676
35218,40,2676
35218,63,2676
35221,10,2676
35221,40,2676
35221,48,2676
35221,63,2676
35225,10,2676
35225,40,2676
35225,48,2676
35225,63,2676
35230,40,2676
35230,63,2676
35232,10,2676
35232,40,2676
35232,48,2676
35232,63,2676
35234,10,2676
35234,40,2676
35234,63,2676
35236,12,
35236,25,
35236,40,
35238,10,2676
35238,40,2676
35238,63,2676
35240,10,2676
35240,40,2676
35242,10,2676
35242,40,2676
35249,10,2676
35249,40,2676
35251,10,2676
35251,40,2676
35251,48,2676
35251,63,2676
35253,40,2676
35253,63,2676
35255,10,
35255,40,2676
35255,48,2676
35255,63,
35257,10,2676
35257,40,2676
35257,48,2676
35257,63,2676
35259,40,2676
35259,63,2676
35261,10,2676
35261,40,2676
35261,48,2676
35261,63,2676
35263,10,2676
35263,40,2676
35263,63,2676
35265,40,922
35265,44,922
35280,40,922
35280,44,922
35281,12,922
35281,25,120
35281,30,922
35281,40,922
35281,48,922
35282,10,2676
35282,40,2676
35286,12,922
35286,40,922
35289,12,922
35289,40,922
35390,12,922
35390,40,922
35404,12,922
35404,40,922
35404,44,922
35405,10,5654
35405,12,5654
35405,30,5654
35405,40,5654
35407,10,5654
35407,12,5654
35407,30,5654
35407,40,5654
35408,12,5654
35408,27,5654
35408,30,5654
35408,40,5654
35426,10,5654
35426,12,5654
35426,30,5654
35426,40,5654
35437,10,5654
35437,12,5654
35437,30,5654
35437,40,5654
35439,10,5654
35439,12,5654
35439,30,5654
35439,40,5654
35455,25,922
35455,40,922
35455,44,922
35462,1,5654
35462,30,5654
35476,8,
35476,49,
35504,40,2674
35504,63,2674
35523,40,2674
35523,63,2674
35541,37,
35542,37,
35543,37,
35544,37,
35548,37,
35553,37,
35815,10,2671
35815,12,2671
35815,27,2671
35815,30,2671
35815,40,2671
35815,56,2671
35815,57,2671
35815,58,2671
35815,59,2671
35815,60,2671
35815,61,2671
35815,68,2671
35815,69,2671
35817,10,2671
35817,12,2671
35817,27,2671
35817,30,2671
35817,40,2671
35817,56,2671
35817,57,2671
35817,58,2671
35817,59,2671
35817,60,2671
35817,61,2671
35817,68,2671
35817,69,2671
35818,10,2671
35818,12,2671
35818,27,2671
35818,30,2671
35818,40,2671
35818,56,2671
35818,57,2671
35818,58,2671
35818,59,2671
35818,60,2671
35818,61,2671
35818,68,2671
35818,69,2671
35820,10,2671
35820,30,2671
35820,40,2671
35820,56,2671
35820,57,2671
35820,58,2671
35821,10,2671
35821,30,2671
35821,40,2671
35821,56,2671
35821,57,2671
35821,58,2671
35822,10,2671
35822,30,2671
35822,40,2671
35822,56,2671
35822,57,2671
35822,58,2671
35823,10,2671
35823,30,2671
35823,40,2671
35823,56,2671
35823,57,2671
35823,58,2671
35824,10,2671
35824,30,2671
35824,40,2671
35824,56,2671
35824,57,2671
35824,58,2671
35825,10,2671
35825,12,2671
35825,27,2671
35825,30,2671
35825,40,2671
35825,44,2671
35825,56,2671
35825,57,2671
35825,58,2671
35825,59,2671
35825,60,2671
35825,61,2671
35825,68,2671
35825,69,2671
35826,10,2671
35826,12,2671
35826,30,2671
35826,40,2671
35826,56,2671
35826,57,2671
35826,58,2671
35826,59,2671
35826,60,2671
35826,61,2671
35827,10,2671
35827,12,2671
35827,30,2671
35827,40,2671
35827,56,2671
35827,57,2671
35827,58,2671
35827,59,2671
35827,60,2671
35827,61,2671
35828,10,2671
35828,12,2671
35828,30,2671
35828,40,2671
35828,56,2671
35828,57,2671
35828,58,2671
35828,59,2671
35828,60,2671
35828,61,2671
35829,10,2671
35829,12,2671
35829,27,2671
35829,30,2671
35829,40,2671
35829,56,2671
35829,57,2671
35829,58,2671
35829,59,2671
35829,60,2671
35829,61,2671
35829,68,2671
35829,69,2671
35830,10,2671
35830,12,2671
35830,27,2671
35830,30,2671
35830,40,2671
35830,56,2671
35830,57,2671
35830,58,2671
35830,59,2671
35830,60,2671
35830,61,2671
35830,68,2671
35830,69,2671
35831,10,2671
35831,12,2671
35831,27,2671
35831,30,2671
35831,40,2671
35831,56,2671
35831,57,2671
35831,58,2671
35831,59,2671
35831,60,2671
35831,61,2671
35831,68,2671
35831,69,2671
35832,10,2671
35832,12,2671
35832,27,2671
35832,30,2671
35832,40,2671
35832,56,2671
35832,57,2671
35832,58,2671
35832,59,2671
35832,60,2671
35832,61,2671
35832,68,2671
35832,69,2671
35833,10,2671
35833,12,2671
35833,27,2671
35833,30,2671
35833,40,2671
35833,56,2671
35833,57,2671
35833,58,2671
35833,59,2671
35833,60,2671
35833,61,2671
35833,68,2671
35833,69,2671
35834,10,2671
35834,12,2671
35834,27,2671
35834,30,2671
35834,40,2671
35834,56,2671
35834,57,2671
35834,58,2671
35834,59,2671
35834,60,2671
35834,61,2671
35834,68,2671
35834,69,2671
35835,10,2671
35835,12,2671
35835,27,2671
35835,30,2671
35835,40,2671
35835,56,2671
35835,57,2671
35835,58,2671
35835,59,2671
35835,60,2671
35835,61,2671
35835,68,2671
35835,69,2671
35836,10,2671
35836,12,2671
35836,27,2671
35836,30,2671
35836,40,2671
35836,56,2671
35836,57,2671
35836,58,2671
35836,59,2671
35836,60,2671
35836,61,2671
35836,68,2671
35836,69,2671
35837,10,2671
35837,12,2671
35837,27,2671
35837,30,2671
35837,40,2671
35837,56,2671
35837,57,2671
35837,58,2671
35837,59,2671
35837,60,2671
35837,61,
35837,68,2671
35837,69,2671
35838,10,2671
35838,30,2671
35838,40,2671
35838,44,2671
35838,56,2671
35838,57,2671
35838,58,2671
35839,10,2671
35839,12,2671
35839,27,2671
35839,30,2671
35839,40,2671
35839,56,2671
35839,57,2671
35839,58,2671
35839,59,2671
35839,60,2671
35839,61,2671
35839,68,2671
35839,69,2671
35841,10,2671
35841,12,2671
35841,27,2671
35841,30,2671
35841,40,2671
35841,56,2671
35841,57,2671
35841,58,2671
35841,59,2671
35841,60,2671
35841,61,2671
35841,68,2671
35841,69,2671
35842,10,2671
35842,12,2671
35842,27,2671
35842,30,2671
35842,40,2671
35842,56,2671
35842,57,2671
35842,58,2671
35842,59,2671
35842,60,2671
35842,61,2671
35842,68,2671
35842,69,2671
35843,10,2671
35843,12,2671
35843,27,2671
35843,30,2671
35843,40,2671
35843,56,2671
35843,57,2671
35843,58,2671
35843,59,2671
35843,60,2671
35843,61,2671
35843,68,2671
35843,69,2671
35844,10,2671
35844,12,2671
35844,27,2671
35844,30,2671
35844,31,
35844,40,2671
35844,56,2671
35844,57,2671
35844,58,2671
35844,59,2671
35844,60,2671
35844,61,2671
35844,68,2671
35844,69,2671
35845,10,2671
35845,12,2671
35845,27,2671
35845,30,2671
35845,40,2671
35845,56,2671
35845,57,2671
35845,58,2671
35845,59,2671
35845,60,2671
35845,61,2671
35845,68,2671
35845,69,2671
35846,10,2671
35846,12,2671
35846,27,2671
35846,30,2671
35846,40,2671
35846,56,2671
35846,57,2671
35846,58,2671
35846,59,2671
35846,60,2671
35846,61,2671
35846,68,2671
35846,69,2671
35847,10,2671
35847,12,2671
35847,27,2671
35847,30,2671
35847,40,2671
35847,56,2671
35847,57,2671
35847,58,2671
35847,59,2671
35847,60,2671
35847,61,2671
35847,68,2671
35847,69,2671
35848,10,2671
35848,12,2671
35848,27,2671
35848,30,2671
35848,40,2671
35848,56,2671
35848,57,2671
35848,58,2671
35848,59,2671
35848,60,2671
35848,61,2671
35848,68,2671
35848,69,2671
35849,10,2671
35849,12,2671
35849,27,2671
35849,30,2671
35849,40,2671
35849,56,2671
35849,57,2671
35849,58,2671
35849,59,2671
35849,60,2671
35849,61,2671
35849,68,2671
35849,69,2671
35850,10,2671
35850,12,2671
35850,27,2671
35850,30,2671
35850,40,2671
35850,56,2671
35850,57,2671
35850,58,2671
35850,59,2671
35850,60,2671
35850,61,2671
35850,68,2671
35850,69,2671
35851,10,2671
35851,12,2671
35851,27,2671
35851,30,2671
35851,40,2671
35851,56,2671
35851,57,2671
35851,58,2671
35851,59,2671
35851,60,2671
35851,61,2671
35851,68,2671
35851,69,2671
35852,10,2671
35852,12,2671
35852,27,2671
35852,30,2671
35852,40,2671
35852,56,2671
35852,57,2671
35852,58,2671
35852,59,2671
35852,60,2671
35852,61,2671
35852,68,2671
35852,69,2671
35853,10,2671
35853,12,2671
35853,27,2671
35853,30,2671
35853,40,2671
35853,56,2671
35853,57,2671
35853,58,2671
35853,59,2671
35853,60,2671
35853,61,2671
35853,68,2671
35853,69,2671
35854,10,2671
35854,12,2671
35854,27,2671
35854,30,2671
35854,40,2671
35854,56,2671
35854,57,2671
35854,58,2671
35854,59,2671
35854,60,2671
35854,61,2671
35854,68,2671
35854,69,2671
35855,10,2671
35855,12,2671
35855,27,2671
35855,30,2671
35855,40,2671
35855,56,2671
35855,57,2671
35855,58,2671
35855,59,2671
35855,60,2671
35855,61,2671
35855,68,2671
35855,69,2671
35856,10,2671
35856,12,2671
35856,27,2671
35856,30,2671
35856,40,2671
35856,56,2671
35856,57,2671
35856,58,2671
35856,59,2671
35856,60,2671
35856,61,2671
35856,68,2671
35856,69,2671
35857,10,2671
35857,12,2671
35857,27,2671
35857,30,2671
35857,40,2671
35857,56,2671
35857,57,2671
35857,58,2671
35857,59,2671
35857,60,2671
35857,61,2671
35857,68,2671
35857,69,2671
35858,10,2671
35858,12,2671
35858,27,2671
35858,30,2671
35858,40,2671
35858,56,2671
35858,57,2671
35858,58,2671
35858,59,2671
35858,60,2671
35858,61,2671
35858,68,2671
35858,69,2671
35859,10,2671
35859,12,2671
35859,27,2671
35859,30,2671
35859,40,2671
35859,56,2671
35859,57,2671
35859,58,2671
35859,59,2671
35859,60,2671
35859,61,2671
35859,68,2671
35859,69,2671
35860,10,2671
35860,12,2671
35860,27,2671
35860,30,2671
35860,40,2671
35860,56,2671
35860,57,2671
35860,58,2671
35860,59,2671
35860,60,2671
35860,61,2671
35860,68,2671
35860,69,2671
35861,10,2671
35861,12,2671
35861,27,2671
35861,30,2671
35861,40,2671
35861,56,2671
35861,57,2671
35861,58,2671
35861,59,2671
35861,60,2671
35861,61,2671
35861,68,2671
35861,69,2671
35862,10,2671
35862,12,2671
35862,27,2671
35862,30,2671
35862,40,2671
35862,56,2671
35862,57,2671
35862,58,2671
35862,59,2671
35862,60,2671
35862,61,2671
35862,68,2671
35862,69,2671
35863,10,2671
35863,12,2671
35863,27,2671
35863,30,2671
35863,40,2671
35863,56,2671
35863,57,2671
35863,58,2671
35863,59,2671
35863,60,2671
35863,61,2671
35863,68,2671
35863,69,2671
35864,10,2671
35864,12,2671
35864,27,2671
35864,30,2671
35864,40,2671
35864,56,2671
35864,57,2671
35864,58,2671
35864,59,2671
35864,60,2671
35864,61,2671
35864,68,2671
35864,69,2671
35872,10,2671
35872,12,2671
35872,27,2671
35872,30,2671
35872,40,2671
35872,56,2671
35872,57,2671
35872,58,2671
35872,59,2671
35872,60,2671
35872,61,2671
35872,68,2671
35872,69,2671
35876,10,2671
35876,12,2671
35876,27,2671
35876,30,2671
35876,40,2671
35876,56,2671
35876,57,2671
35876,58,2671
35876,59,2671
35876,60,2671
35876,61,2671
35876,68,2671
35876,69,2671
35880,10,2671
35880,12,2671
35880,27,2671
35880,30,2671
35880,40,2671
35880,56,2671
35880,57,2671
35880,58,2671
35880,59,2671
35880,60,2671
35880,61,2671
35880,68,2671
35880,69,2671
35885,10,2671
35885,12,2671
35885,27,2671
35885,30,2671
35885,40,2671
35885,56,2671
35885,57,2671
35885,58,2671
35885,59,2671
35885,60,2671
35885,61,2671
35885,68,2671
35885,69,2671
35891,10,2671
35891,12,2671
35891,27,2671
35891,30,2671
35891,40,2671
35891,56,2671
35891,57,2671
35891,58,2671
35891,59,2671
35891,60,2671
35891,61,2671
35891,68,2671
35891,69,2671
35897,10,2671
35897,12,2671
35897,27,2671
35897,30,2671
35897,40,2671
35897,56,2671
35897,57,2671
35897,58,2671
35897,59,2671
35897,60,2671
35897,61,2671
35897,68,2671
35897,69,2671
35900,10,2671
35900,12,2671
35900,27,2671
35900,30,2671
35900,40,2671
35900,56,2671
35900,57,2671
35900,58,2671
35900,59,2671
35900,60,2671
35900,61,2671
35900,68,2671
35900,69,2671
35902,10,2671
35902,12,2671
35902,27,2671
35902,30,2671
35902,40,2671
35902,56,2671
35902,57,2671
35902,58,2671
35902,59,2671
35902,60,2671
35902,61,2671
35902,68,2671
35902,69,2671
35905,10,2671
35905,30,2671
35905,40,2671
35905,56,2671
35905,57,2671
35905,58,2671
35905,63,2671
35907,10,2671
35907,30,2671
35907,40,2671
35907,56,2671
35907,57,2671
35907,58,2671
35907,63,2671
35911,10,2671
35911,30,2671
35911,40,2671
35911,56,2671
35911,57,2671
35911,58,2671
35911,63,2671
35913,10,2671
35913,30,2671
35913,40,2671
35913,56,2671
35913,57,2671
35913,58,2671
35913,63,2671
35915,10,2671
35915,12,2671
35915,30,2671
35915,40,2671
35915,56,2671
35915,57,2671
35915,58,2671
35915,59,2671
35915,60,2671
35915,61,2671
35920,10,2671
35920,12,2671
35920,30,2671
35920,40,2671
35920,56,2671
35920,57,2671
35920,58,2671
35920,59,2671
35920,60,2671
35920,61,2671
35925,10,2671
35925,12,2671
35925,30,2671
35925,40,2671
35925,56,2671
35925,57,2671
35925,58,2671
35925,59,2671
35925,60,2671
35925,61,2671
35932,10,2671
35932,12,2671
35932,27,2671
35932,30,2671
35932,40,2671
35932,56,2671
35932,57,2671
35932,58,2671
35932,59,2671
35932,60,2671
35932,61,2671
35932,68,2671
35932,69,2671
35934,10,2671
35934,12,2671
35934,27,2671
35934,30,2671
35934,40,2671
35934,56,2671
35934,57,2671
35934,58,2671
35934,59,2671
35934,60,2671
35934,61,2671
35934,68,2671
35934,69,2671
35936,10,2671
35936,12,2671
35936,27,2671
35936,30,2671
35936,40,2671
35936,56,2671
35936,57,2671
35936,58,2671
35936,59,2671
35936,60,2671
35936,61,2671
35936,68,2671
35936,69,2671
35938,10,2671
35938,12,2671
35938,27,2671
35938,30,2671
35938,40,2671
35938,56,2671
35938,57,2671
35938,58,2671
35938,59,2671
35938,60,2671
35938,61,2671
35938,68,2671
35938,69,2671
35940,10,2671
35940,12,2671
35940,27,2671
35940,30,2671
35940,40,2671
35940,56,2671
35940,57,2671
35940,58,2671
35940,59,2671
35940,60,2671
35940,61,2671
35940,68,2671
35940,69,2671
35943,10,2671
35943,12,2671
35943,27,2671
35943,30,2671
35943,40,2671
35943,56,2671
35943,57,2671
35943,58,2671
35943,59,2671
35943,60,2671
35943,61,2671
35943,68,2671
35943,69,2671
35946,10,2671
35946,12,2671
35946,27,2671
35946,30,2671
35946,40,2671
35946,56,2671
35946,57,2671
35946,58,2671
35946,59,2671
35946,60,2671
35946,61,2671
35946,68,2671
35946,69,2671
35951,10,2671
35951,12,2671
35951,27,2671
35951,30,2671
35951,40,2671
35951,56,2671
35951,57,2671
35951,58,2671
35951,59,2671
35951,60,2671
35951,61,2671
35951,68,2671
35951,69,2671
35955,10,2671
35955,12,2671
35955,27,2671
35955,30,2671
35955,40,2671
35955,56,2671
35955,57,2671
35955,58,2671
35955,59,2671
35955,60,2671
35955,61,2671
35955,68,2671
35955,69,2671
35957,10,2671
35957,12,2671
35957,27,2671
35957,30,2671
35957,40,2671
35957,56,2671
35957,57,2671
35957,58,2671
35957,59,2671
35957,60,2671
35957,61,2671
35957,68,2671
35957,69,2671
35959,10,2671
35959,12,2671
35959,27,2671
35959,30,2671
35959,40,2671
35959,56,2671
35959,57,2671
35959,58,2671
35959,59,2671
35959,60,2671
35959,61,2671
35959,68,2671
35959,69,2671
35967,1,
35967,12,
35967,17,
35967,55,
35968,1,
35968,12,
35968,17,
35968,55,
35969,1,
35969,12,
35969,17,
35969,55,
35970,1,
35970,12,
35970,17,
35970,55,
35977,6,
35977,29,
35977,55,
35978,6,
35978,29,
35978,55,
35979,6,
35979,29,
35979,55,
35986,1,
35986,27,
35986,55,
35993,1,
35993,27,
35993,55,
35996,1,
35996,12,
35996,17,
35996,55,
35997,1,
35997,12,
35997,17,
35997,55,
35998,1,
35998,12,
35998,17,
35998,55,
36004,1,
36004,12,
36004,17,
36004,55,
36006,1,
36006,12,
36006,17,
36006,55,
36007,1,
36007,12,
36007,17,
36007,55,
36016,1,
36016,12,
36016,17,
36016,55,
36018,6,
36018,29,
36018,55,
36020,1,
36020,27,
36020,33,
36020,43,
36020,53,
36020,55,
36022,1,
36022,12,
36022,17,
36022,55,
36030,1,
36030,12,
36030,17,
36030,55,
36050,10,2675
36050,12,2675
36050,27,2675
36050,30,2675
36050,40,2675
36050,56,2675
36050,57,2675
36050,58,2675
36050,59,2675
36050,60,2675
36050,61,2675
36050,68,2675
36050,69,2675
36051,10,2675
36051,40,2675
36051,44,2675
36051,48,2675
36051,56,2675
36051,57,2675
36051,58,2675
36052,10,2675
36052,40,2675
36052,44,2675
36052,48,2675
36052,56,2675
36052,57,2675
36052,58,2675
36053,10,2675
36053,40,2675
36053,44,2675
36053,48,2675
36053,56,2675
36053,57,2675
36053,58,2675
36056,10,2675
36056,40,2675
36056,44,2675
36056,48,2675
36056,56,2675
36056,57,2675
36056,58,2675
36057,10,2675
36057,40,2675
36057,44,2675
36057,48,2675
36057,56,2675
36057,57,2675
36057,58,2675
36058,10,2675
36058,40,2675
36058,44,2675
36058,48,2675
36058,56,2675
36058,57,2675
36058,58,2675
36060,10,2675
36060,12,2675
36060,27,2675
36060,30,2675
36060,40,2675
36060,56,2675
36060,57,2675
36060,58,2675
36060,59,2675
36060,60,2675
36060,61,2675
36060,68,2675
36060,69,2675
36064,10,2675
36064,12,2675
36064,27,2675
36064,30,2675
36064,40,2675
36064,56,2675
36064,57,2675
36064,58,2675
36064,59,2675
36064,60,2675
36064,61,2675
36064,68,2675
36064,69,2675
36067,10,2675
36067,12,2675
36067,27,2675
36067,30,2675
36067,40,2675
36067,56,2675
36067,57,2675
36067,58,2675
36067,59,2675
36067,60,2675
36067,61,2675
36067,68,2675
36067,69,2675
36071,40,2671
36071,56,2671
36071,57,2671
36071,58,
36072,10,2671
36072,40,2671
36072,56,2671
36072,57,2671
36072,58,
36073,10,2671
36073,40,2671
36073,56,2671
36073,57,2671
36073,58,
36078,40,2671
36079,40,2671
36080,40,2671
36081,40,2671
36082,10,2675
36082,12,2675
36082,27,2675
36082,30,2675
36082,40,2675
36082,56,2675
36082,57,2675
36082,58,2675
36082,59,2675
36082,60,2675
36082,61,2675
36082,68,2675
36082,69,2675
36084,10,2675
36084,12,2675
36084,27,2675
36084,30,2675
36084,40,2675
36084,56,2675
36084,57,2675
36084,58,2675
36084,59,2675
36084,60,2675
36084,61,2675
36084,68,2675
36084,69,2675
36086,10,2675
36086,12,2675
36086,27,2675
36086,30,2675
36086,40,2675
36086,56,2675
36086,57,2675
36086,58,2675
36086,59,2675
36086,60,2675
36086,61,2675
36086,68,2675
36086,69,2675
36088,10,2675
36088,40,2675
36088,44,2675
36088,48,2675
36088,56,2675
36088,57,2675
36088,58,2675
36090,10,2675
36090,40,2675
36090,44,2675
36090,48,2675
36090,56,2675
36090,57,2675
36090,58,2675
36092,10,2675
36092,30,2675
36092,40,2675
36092,56,2675
36092,57,2675
36092,58,2675
36094,10,2675
36094,30,2675
36094,40,2675
36094,56,2675
36094,57,2675
36094,58,2675
36104,10,2675
36104,30,2675
36104,40,2675
36104,56,2675
36104,57,2675
36104,58,2675
36106,10,2675
36106,30,2675
36106,40,2675
36106,56,2675
36106,57,2675
36106,58,2675
36108,10,2675
36108,30,2675
36108,40,2675
36108,56,2675
36108,57,2675
36108,58,2675
36110,10,2675
36110,30,2675
36110,40,2675
36110,56,2675
36110,57,2675
36110,58,2675
36112,10,2675
36112,30,2675
36112,40,2675
36112,56,2675
36112,57,2675
36112,58,2675
36114,10,2675
36114,30,2675
36114,40,2675
36114,56,2675
36114,57,2675
36114,58,2675
36117,10,2675
36117,30,2675
36117,40,2675
36117,56,2675
36117,57,2675
36117,58,2675
36119,10,2675
36119,30,2675
36119,40,2675
36119,56,2675
36119,57,2675
36119,58,2675
36122,10,2675
36122,12,2675
36122,27,2675
36122,30,2675
36122,40,2675
36122,56,2675
36122,57,2675
36122,58,2675
36122,59,2675
36122,60,2675
36122,61,2675
36122,68,2675
36122,69,2675
36124,10,2675
36124,12,2675
36124,27,2675
36124,30,2675
36124,40,2675
36124,56,2675
36124,57,2675
36124,58,2675
36124,59,2675
36124,60,2675
36124,61,2675
36124,68,2675
36124,69,2675
36126,10,2675
36126,12,2675
36126,27,2675
36126,30,2675
36126,40,2675
36126,56,2675
36126,57,2675
36126,58,2675
36126,59,2675
36126,60,2675
36126,61,2675
36126,68,2675
36126,69,2675
36128,10,2675
36128,12,2675
36128,27,2675
36128,30,2675
36128,40,2675
36128,56,2675
36128,57,2675
36128,58,2675
36128,59,2675
36128,60,2675
36128,61,2675
36128,68,2675
36128,69,2675
36138,10,2675
36138,40,2675
36138,44,2675
36138,48,2675
36138,56,2675
36138,57,2675
36138,58,2675
36142,10,2675
36142,40,2675
36142,44,2675
36142,48,2675
36142,56,2675
36142,57,2675
36142,58,2675
36145,10,2675
36145,12,
36145,40,2675
36145,44,2675
36145,45,
36145,48,2675
36145,56,2675
36145,57,2675
36145,58,2675
36152,10,2675
36152,40,2675
36152,44,2675
36152,48,2675
36152,56,2675
36152,57,2675
36152,58,2675
36155,10,2675
36155,40,2675
36155,44,2675
36155,48,2675
36155,56,2675
36155,57,2675
36155,58,2675
36158,10,2675
36158,40,2675
36158,44,2675
36158,48,2675
36158,56,2675
36158,57,2675
36158,58,2675
36215,8,
36215,17,
36226,8,
36245,1,2671
36245,12,2671
36245,28,2671
36365,44,2673
36366,40,2673
36366,63,2673
36367,40,2673
36367,63,2673
36368,44,2674
36369,40,922
36369,48,922
36370,40,922
36370,48,922
36371,40,922
36372,40,922
36374,10,2676
36374,40,2676
36374,63,2676
36376,10,2676
36376,40,2676
36378,10,2676
36378,40,2676
36382,44,
36384,44,2676
36391,12,
36391,25,
36391,40,
36394,12,
36394,15,
36394,25,
36394,40,
36396,12,
36396,25,
36396,40,
36399,12,
36399,44,
36424,12,922
36424,30,922
36424,40,922
36426,12,922
36426,30,922
36426,40,922
36428,12,922
36428,25,120
36428,30,922
36428,40,922
36428,48,922
36432,25,120
36432,44,922
36433,12,922
36433,40,922
36434,12,922
36434,30,922
36434,40,922
36436,12,922
36436,30,922
36436,40,922
36438,12,922
36438,25,120
36438,30,922
36438,40,922
36438,48,922
36439,25,120
36439,44,922
36443,12,922
36443,40,922
36444,12,922
36444,40,922
36445,40,922
36447,40,922
36451,25,120
36451,44,922
36453,44,2676
36453,63,2676
36455,44,2676
36457,40,
36457,44,
36457,63,2676
36459,40,
36459,44,
36459,45,
36461,40,
36461,44,
36461,45,
36463,40,2676
36463,63,2676
36465,10,
36465,40,2676
36465,48,2676
36465,63,
36484,10,2676
36484,40,2676
36484,48,2676
36484,63,2676
36485,10,
36485,40,2676
36485,48,
36485,63,2676
36489,10,2676
36489,40,2676
36489,48,2676
36489,63,2676
36490,10,2676
36490,40,2676
36490,63,2676
36491,10,2676
36491,40,2676
36491,63,2676
36492,10,2676
36492,40,2676
36493,10,2676
36493,40,2676
36494,40,
36495,40,2676
36495,63,2676
36496,10,2676
36496,40,2676
36496,48,2676
36496,63,2676
36497,40,2676
36497,63,2676
36498,10,
36498,40,2676
36498,48,2676
36498,63,
36499,10,2676
36499,40,2676
36499,48,2676
36499,63,2676
36500,40,
36500,44,
36501,40,2676
36501,63,2676
36502,40,
36502,63,
36503,10,2676
36503,40,2676
36503,48,
36503,63,
36504,40,
36504,63,
36506,10,2676
36506,40,2676
36506,63,2676
36508,10,
36508,40,
36508,63,
36510,10,2676
36510,40,2676
36510,63,2676
36512,10,2676
36512,40,2676
36526,10,2676
36526,40,2676
36527,40,
36529,10,2676
36529,40,2676
36595,10,2676
36595,40,2676
36595,48,2676
36595,63,2676
36597,40,2676
36599,10,2676
36599,40,2676
36599,48,2676
36599,63,2676
36601,10,2676
36601,40,2676
36601,48,2676
36601,63,2676
36603,40,2676
36603,63,2676
36605,10,2676
36605,40,2676
36605,48,2676
36605,63,2676
36608,10,2676
36608,40,2676
36608,63,2676
36610,10,2676
36610,40,2676
36610,63,2676
36612,10,2676
36612,40,2676
36614,10,2676
36614,40,2676
36618,10,2676
36618,40,2676
36620,10,2676
36620,40,2676
36620,48,2676
36620,63,2676
36622,40,2676
36622,63,2676
36624,10,
36624,40,2676
36624,48,2676
36624,63,
36626,10,2676
36626,40,2676
36626,48,2676
36626,63,2676
36631,40,2676
36631,63,2676
36632,10,2676
36632,40,2676
36632,48,2676
36632,63,2676
36633,10,2676
36633,40,2676
36633,63,2676
36634,27,922
36634,40,922
36636,27,922
36636,40,922
36740,37,
36743,37,
36744,37,
36745,37,
36746,37,
36750,37,
36751,37,
36753,37,
36754,37,
36755,37,
36757,37,
36758,37,
36759,37,
36760,37,
36762,37,
36763,37,
36767,37,
36768,39,
36770,37,
36771,39,
36772,39,
36774,39,
36775,39,
36777,39,
36778,39,
36782,39,
36784,39,
36785,39,
36788,39,
36792,39,
36795,37,
37188,1,2676
37266,1,5654
37266,27,5654
37266,30,5654
37314,1,5654
37314,27,5654
37314,30,5654
37376,16,
37501,8,
37501,47,
37503,47,
37519,8,
37521,8,
37521,47,
37525,47,
37529,8,
37529,47,
37532,47,
37534,6,
37534,47,
37544,47,
37552,47,
37559,1,
37562,8,
37562,47,
37563,8,
37563,47,
37564,8,
37564,47,
37577,47,
37578,1,
37578,6,
37583,6,
37583,47,
37585,6,
37585,47,
37587,47,
37589,6,
37595,47,
37766,1,8575
37766,12,8575
37766,15,8575
37767,1,8575
37767,12,8575
37767,15,8575
37769,1,8575
37769,12,8575
37770,1,8575
37770,12,8575
37770,15,8575
37772,1,8575
37772,12,8575
37772,15,8575
37774,1,
37774,6,
37774,41,
37774,47,
37774,51,
37774,55,
38207,1,
41325,1,2671
41325,12,2671
41325,28,2671
41325,66,2671
41325,67,2671
41701,8,
41701,17,
41915,1,2671
41915,12,2671
41915,28,2671
41915,66,2671
41915,67,2671
41920,1,2671
41920,12,2671
41920,28,2671
41920,66,2671
41920,67,2671
41925,1,2671
41925,12,2671
41925,28,2671
41925,66,2671
41925,67,2671
41926,1,
41926,12,
41926,66,
41926,67,
41930,1,2671
41930,12,2671
41930,28,2671
41930,66,2671
41930,67,2671
41935,1,
41935,12,
41935,28,
41935,66,
41935,67,
50000,1,
50000,12,
50000,17,
50000,29,
50058,29,
50060,29,
50063,29,
50065,10,2671
50065,12,2671
50065,27,2671
50065,30,2671
50065,40,2671
50065,56,2671
50065,57,2671
50065,58,2671
50065,59,2671
50065,60,2671
50065,61,2671
50065,68,2671
50065,69,2671
50066,10,2671
50066,12,2671
50066,27,2671
50066,30,2671
50066,40,2671
50066,56,2671
50066,57,2671
50066,58,2671
50066,59,2671
50066,60,2671
50066,61,2671
50066,68,2671
50066,69,2671
50068,10,2671
50068,12,2671
50068,27,2671
50068,30,2671
50068,40,2671
50068,56,2671
50068,57,2671
50068,58,2671
50068,59,2671
50068,60,2671
50068,61,2671
50068,68,2671
50068,69,2671
50070,10,2671
50070,12,2671
50070,27,2671
50070,30,2671
50070,40,2671
50070,56,2671
50070,57,2671
50070,58,2671
50070,59,2671
50070,60,2671
50070,61,2671
50070,68,2671
50070,69,2671
50072,10,2671
50072,12,2671
50072,27,2671
50072,30,2671
50072,40,2671
50072,56,2671
50072,57,2671
50072,58,2671
50072,59,2671
50072,60,2671
50072,61,2671
50072,68,2671
50072,69,2671
50074,10,2671
50074,12,2671
50074,27,2671
50074,30,2671
50074,40,2671
50074,56,2671
50074,57,2671
50074,58,2671
50074,59,2671
50074,60,2671
50074,61,2671
50074,68,2671
50074,69,2671
50076,10,2671
50076,12,2671
50076,27,2671
50076,30,2671
50076,40,2671
50076,56,2671
50076,57,2671
50076,58,2671
50076,59,2671
50076,60,2671
50076,61,2671
50076,68,2671
50076,69,2671
50078,10,2671
50078,12,2671
50078,27,2671
50078,30,2671
50078,40,2671
50078,56,2671
50078,57,2671
50078,58,2671
50078,59,2671
50078,60,2671
50078,61,2671
50078,68,2671
50078,69,2671
50125,1,8575
50125,12,8575
50125,15,8575
50249,10,2671
50249,12,2671
50249,27,2671
50249,30,2671
50249,40,2671
50249,56,2671
50249,57,2671
50249,58,2671
50249,59,2671
50249,60,2671
50249,61,2671
50249,68,2671
50249,69,2671
50252,10,2671
50252,12,2671
50252,27,2671
50252,30,2671
50252,40,2671
50252,56,2671
50252,57,2671
50252,58,2671
50252,59,2671
50252,60,2671
50252,61,2671
50252,68,2671
50252,69,2671
50254,10,
50254,12,
50254,27,
50254,30,
50254,40,
50254,56,
50254,57,
50254,58,
50254,59,
50254,60,
50254,61,
50254,68,
50254,69,
50257,10,2671
50257,12,2671
50257,27,2671
50257,30,2671
50257,40,2671
50257,56,2671
50257,57,2671
50257,58,2671
50257,59,2671
50257,60,2671
50257,61,2671
50257,68,2671
50257,69,2671
50258,10,2671
50258,12,2671
50258,27,2671
50258,30,2671
50258,40,2671
50258,56,2671
50258,57,2671
50258,58,2671
50258,59,2671
50258,60,2671
50258,61,2671
50258,68,2671
50258,69,2671
50260,10,2671
50260,12,2671
50260,27,2671
50260,30,2671
50260,40,2671
50260,56,2671
50260,57,2671
50260,58,2671
50260,59,2671
50260,60,2671
50260,61,2671
50260,68,2671
50260,69,2671
50262,10,2671
50262,12,2671
50262,27,2671
50262,30,2671
50262,40,2671
50262,56,2671
50262,57,2671
50262,58,2671
50262,59,2671
50262,60,2671
50262,61,2671
50262,68,2671
50262,69,2671
50264,10,2671
50264,12,2671
50264,27,2671
50264,30,2671
50264,40,2671
50264,56,2671
50264,57,2671
50264,58,2671
50264,59,2671
50264,60,2671
50264,61,2671
50264,68,2671
50264,69,2671
50267,10,2671
50267,12,2671
50267,27,2671
50267,30,2671
50267,40,2671
50267,56,2671
50267,57,2671
50267,58,2671
50267,59,2671
50267,60,2671
50267,61,2671
50267,68,2671
50267,69,2671
50269,10,2671
50269,12,2671
50269,27,2671
50269,30,2671
50269,40,2671
50269,56,2671
50269,57,2671
50269,58,2671
50269,59,2671
50269,60,2671
50269,61,2671
50269,68,2671
50269,69,2671
50271,10,2671
50271,12,2671
50271,27,2671
50271,30,2671
50271,40,2671
50271,56,2671
50271,57,2671
50271,58,2671
50271,59,2671
50271,60,2671
50271,61,2671
50271,68,2671
50271,69,2671
50273,10,2671
50273,12,2671
50273,27,2671
50273,30,2671
50273,40,2671
50273,56,2671
50273,57,2671
50273,58,2671
50273,59,2671
50273,60,2671
50273,61,2671
50273,68,2671
50273,69,2671
50275,10,2671
50275,12,2671
50275,27,2671
50275,30,2671
50275,40,2671
50275,56,2671
50275,57,2671
50275,58,2671
50275,59,2671
50275,60,2671
50275,61,2671
50275,68,2671
50275,69,2671
50276,10,2671
50276,12,2671
50276,27,2671
50276,30,2671
50276,40,2671
50276,56,2671
50276,57,2671
50276,58,2671
50276,59,2671
50276,60,2671
50276,61,2671
50276,68,2671
50276,69,2671
50278,10,2671
50278,12,2671
50278,27,2671
50278,30,2671
50278,40,2671
50278,56,2671
50278,57,2671
50278,58,2671
50278,59,2671
50278,60,2671
50278,61,2671
50278,68,2671
50278,69,2671
50280,10,2671
50280,12,2671
50280,27,2671
50280,30,2671
50280,40,2671
50280,56,2671
50280,57,2671
50280,58,2671
50280,59,2671
50280,60,2671
50280,61,2671
50280,68,2671
50280,69,2671
50282,10,2671
50282,12,2671
50282,27,2671
50282,30,2671
50282,40,2671
50282,56,2671
50282,57,2671
50282,58,2671
50282,59,2671
50282,60,2671
50282,61,2671
50282,68,2671
50282,69,2671
50284,10,2671
50284,12,2671
50284,27,2671
50284,30,2671
50284,40,2671
50284,56,2671
50284,57,2671
50284,58,2671
50284,59,2671
50284,60,2671
50284,61,2671
50284,68,2671
50284,69,2671
50286,10,2671
50286,12,2671
50286,27,2671
50286,30,2671
50286,40,2671
50286,56,2671
50286,57,2671
50286,58,2671
50286,59,2671
50286,60,2671
50286,61,2671
50286,68,2671
50286,69,2671
50288,10,2671
50288,12,2671
50288,27,2671
50288,30,2671
50288,40,2671
50288,56,2671
50288,57,2671
50288,58,2671
50288,59,2671
50288,60,2671
50288,61,2671
50288,68,2671
50288,69,2671
50290,10,2671
50290,12,2671
50290,27,2671
50290,30,2671
50290,40,2671
50290,56,2671
50290,57,2671
50290,58,2671
50290,59,2671
50290,60,2671
50290,61,2671
50290,68,2671
50290,69,2671
50292,10,2671
50292,12,2671
50292,27,2671
50292,30,2671
50292,40,2671
50292,56,2671
50292,57,2671
50292,58,2671
50292,59,2671
50292,60,2671
50292,61,2671
50292,68,2671
50292,69,2671
50294,10,2671
50294,12,2671
50294,27,2671
50294,30,2671
50294,40,2671
50294,56,2671
50294,57,2671
50294,58,2671
50294,59,2671
50294,60,2671
50294,61,2671
50294,68,2671
50294,69,2671
50296,10,2671
50296,12,2671
50296,27,2671
50296,30,2671
50296,40,2671
50296,56,2671
50296,57,2671
50296,58,2671
50296,59,2671
50296,60,2671
50296,61,2671
50296,68,2671
50296,69,2671
50298,10,2671
50298,12,2671
50298,27,2671
50298,30,2671
50298,40,2671
50298,56,2671
50298,57,2671
50298,58,2671
50298,59,2671
50298,60,2671
50298,61,2671
50298,68,2671
50298,69,2671
50301,10,2671
50301,12,2671
50301,27,2671
50301,30,2671
50301,40,2671
50301,56,2671
50301,57,2671
50301,58,2671
50301,59,2671
50301,60,2671
50301,61,2671
50301,68,2671
50301,69,2671
53082,8,
53084,8,
53120,8,
53120,11,
53120,17,
53122,8,
53124,8,
53124,17,
53385,1,2671
53385,12,2671
53385,28,2671
53385,66,2671
53385,67,2671
55946,1,2671
55946,12,2671
55946,28,2671
