"FoodID","DataSourceID","PreparationMethodID","RecipeTypeID","MealComponentID","CookingTemperature","CookingTimeHours","CookingTimeMinutes","NumberOfServings","PercentMoistureLoss","PreparationTime"
25000,1,31,2,12,,,,100.00,,
25001,1,29,2,12,,,,100.00,,
25002,1,31,2,12,,,,100.00,,
25003,1,29,2,12,,,,100.00,,
25004,1,29,2,12,,,15,100.00,,
25005,1,31,2,12,,,,100.00,,
25006,1,31,2,12,,,,100.00,,
25007,1,1,2,5,350,,40,100.00,,
25008,1,1,2,5,425,,20,100.00,,
25009,1,16,2,3,350,,30,100.00,,
25010,1,1,2,10,375,,20,100.00,1.00,
25011,1,1,2,5,425,,25,100.00,,
25012,1,6,2,3,,,,100.00,,
25013,1,1,2,5,400,,16,100.00,,
25014,1,1,2,5,400,,20,100.00,,
25015,1,1,2,10,400,,20,100.00,,
25016,1,6,2,3,,,25,100.00,,
25017,1,16,2,2,350,,35,100.00,,
25018,1,1,2,5,375,,45,100.00,,
25019,1,1,2,5,400,,15,100.00,,
25020,1,1,2,5,400,,15,100.00,,
25021,1,1,2,10,425,,40,100.00,,
25022,1,1,2,10,350,,20,100.00,,
25023,1,16,2,10,,,,100.00,,
25024,1,16,2,10,,,,100.00,,
25025,1,1,2,10,375,,15,100.00,,
25026,1,1,2,10,375,,30,100.00,,
25027,1,16,2,10,,,,100.00,,
25028,1,1,2,10,375,,40,96.00,,
25029,1,1,2,10,325,,45,100.00,,
25030,1,31,2,10,,,,96.00,,
25031,1,16,2,10,,,,100.00,,
25032,1,16,2,10,,,,100.00,,
25033,1,1,2,10,375,,30,100.00,,
25034,1,1,2,10,350,,25,100.00,,
25035,1,43,2,1,350,,25,100.00,,
25036,1,8,2,2,,,,100.00,,
25037,1,8,2,4,,,,100.00,,
25038,1,8,2,2,,,,100.00,,
25039,1,8,2,2,,,,100.00,,
25040,1,8,2,2,,,,100.00,,
25041,1,8,2,2,,,,100.00,,
25042,1,8,2,2,,,,100.00,,
25043,1,8,2,2,,,,100.00,,
25044,1,8,2,2,,,,100.00,,
25045,1,8,2,2,,,,100.00,,
25046,1,6,2,2,,,,100.00,,
25047,1,40,2,1,325,3,15,100.00,,
25048,1,40,2,1,325,3,15,100.00,,
25049,1,40,2,1,325,2,,100.00,,
25050,1,40,2,1,325,3,30,100.00,,
25051,1,40,2,1,325,2,15,100.00,,
25052,1,40,2,1,325,2,15,100.00,,
25053,1,40,2,1,325,4,30,100.00,,
25054,1,40,2,1,325,3,,100.00,,
25055,1,40,2,1,325,3,,100.00,,
25056,1,40,2,1,325,1,30,100.00,,
25057,1,40,2,1,325,3,30,100.00,,
25058,1,40,2,1,325,1,30,100.00,,
25059,1,40,2,1,325,2,,100.00,,
25060,1,40,2,1,325,2,15,100.00,,
25061,1,10,2,1,350,3,,100.00,,
25062,1,10,2,1,350,4,,100.00,,
25063,1,10,2,1,350,1,30,100.00,,
25064,1,10,2,1,350,3,,100.00,,
25065,1,10,2,1,350,,45,100.00,,
25066,1,10,2,1,350,1,30,100.00,,
25067,1,44,2,1,,1,,100.00,,
25068,1,10,2,1,350,,45,100.00,,
25069,1,10,2,1,350,2,,100.00,,
25070,1,10,2,1,350,,45,100.00,,
25071,1,10,2,1,350,1,30,100.00,,
25072,1,10,2,1,350,,45,100.00,,
25073,1,10,2,1,350,,45,100.00,,
25074,1,10,2,1,350,2,,100.00,,
25075,1,44,2,1,,3,,100.00,,
25076,1,44,2,1,,3,,100.00,,
25077,1,,2,1,325,3,30,100.00,,
25078,1,48,2,1,,1,,100.00,,
25079,1,1,2,1,350,,30,100.00,,
25080,1,1,2,1,425,,30,100.00,,
25081,1,1,2,1,400,,15,100.00,,
25082,1,12,2,1,,,10,100.00,,
25083,1,33,2,1,,,10,100.00,,
25084,1,47,2,1,,,5,100.00,,
25085,1,47,2,1,,,10,100.00,,
25086,1,47,2,1,,,15,100.00,,
25087,1,47,2,1,,,3,100.00,,
25088,1,16,2,2,350,2,,100.00,,
25089,1,1,2,1,350,,25,100.00,,
25090,1,1,2,2,350,,35,100.00,,
25091,1,1,2,1,325,,50,100.00,,
25092,1,1,2,1,400,,30,100.00,,
25093,1,16,2,1,,,,100.00,,
25094,1,1,2,2,350,,45,100.00,,
25095,1,1,2,1,350,,45,100.00,,
25096,1,1,2,1,350,,45,100.00,,
25097,1,1,2,1,350,,45,100.00,,
25098,1,1,2,1,350,,45,100.00,,
25099,1,16,2,2,,,,100.00,,
25100,1,1,2,1,350,1,30,100.00,,
25101,1,16,2,1,,,,100.00,,
25102,1,16,2,8,350,,45,100.00,,
25103,1,48,2,1,,,,100.00,,
25104,1,16,2,1,,,,100.00,,
25105,1,1,2,1,350,1,30,100.00,,
25106,1,16,2,13,,,,100.00,,
25107,1,1,2,1,400,1,30,100.00,,
25108,1,16,2,1,350,2,,100.00,,
25109,1,1,2,1,350,,20,100.00,,
25110,1,16,2,1,,,,100.00,,
25111,1,1,2,1,350,,30,100.00,,
25112,1,1,2,1,350,,30,100.00,,
25113,1,52,2,7,,,,100.00,,
25114,1,31,2,8,,,,100.00,,
25115,1,31,2,8,,,,100.00,,
25116,1,52,2,8,,,,100.00,,
25117,1,52,2,8,,,,100.00,,
25118,1,31,2,7,,,,100.00,,
25119,1,31,2,7,,,,100.00,,
25120,1,31,2,7,,,,100.00,,
25121,1,31,2,7,,,,100.00,,
25122,1,31,2,13,,,,100.00,,
25123,1,31,2,7,,,,100.00,,
25124,1,31,2,13,,,,108.00,,
25125,1,14,2,7,,,,100.00,,
25126,1,14,2,7,,,,100.00,,
25127,1,31,2,7,,,,100.00,,
25128,1,52,2,7,,,,100.00,,
25129,1,31,2,13,,,,128.00,,
25130,1,31,2,1,,,,100.00,,
25131,1,1,2,1,350,,25,100.00,,
25132,1,31,2,1,,,,100.00,,
25133,1,31,2,1,350,,25,100.00,,
25134,1,29,2,1,,,,100.00,,
25135,1,31,2,1,,,,100.00,,
25136,1,16,2,6,,,,100.00,,
25137,1,16,2,6,,,,100.00,,
25138,1,16,2,6,,,,100.00,,
25139,1,16,2,6,,,,100.00,,
25140,1,44,2,6,,,,100.00,,
25141,1,44,2,6,,,,100.00,,
25142,1,16,2,13,,,,100.00,,
25143,1,16,2,13,,,,100.00,,
25144,1,16,2,13,,,,100.00,,
25145,1,16,2,13,,,,100.00,,
25146,1,31,2,13,,,,100.00,,
25147,1,16,2,13,,,,16.00,,
25148,1,16,2,13,,,,16.00,,
25149,1,16,2,13,,,,16.00,,
25150,1,1,2,4,375,1,15,100.00,,
25151,1,16,2,7,,,,100.00,,
25152,1,16,2,2,350,,15,100.00,,
25153,1,16,2,4,,,,100.00,,
25154,1,1,2,4,350,,25,100.00,,
25155,1,16,2,4,,,,100.00,,
25156,1,16,2,3,,,,100.00,,
25157,1,16,2,4,,,,100.00,,
25158,1,1,2,4,350,,45,100.00,,
25159,1,16,2,3,,,,100.00,,
25160,1,16,2,4,,,,100.00,,
25161,1,16,2,4,,,,100.00,,
25162,1,1,2,3,350,,60,100.00,,
25163,1,16,2,4,,,,100.00,,
25164,1,31,2,5,,,,12.00,,
25165,1,1,2,5,450,,12,100.00,,
25166,1,1,2,5,450,,12,100.00,,
25167,1,16,2,5,450,,12,100.00,,
25168,1,1,2,5,450,,12,100.00,,
25169,1,1,2,5,450,,12,100.00,,
25170,1,1,2,5,350,,35,100.00,,
25171,1,16,2,5,350,,35,100.00,,
25172,1,16,2,3,350,,30,100.00,,
25173,1,16,2,3,350,,30,100.00,,
25174,1,1,2,5,375,1,,100.00,,
25175,1,1,2,10,400,,18,100.00,,
25176,1,1,2,5,400,,30,100.00,,
25177,1,27,2,2,,,,100.00,,
25178,1,1,2,5,400,,25,100.00,,
25179,1,1,2,10,425,,25,100.00,,
25180,1,1,2,10,450,,25,100.00,,
25181,1,1,2,5,425,,25,100.00,,
25182,1,16,2,1,,,,100.00,,
25183,1,16,2,1,,,,100.00,,
25184,1,1,2,5,,,,100.00,,
25185,1,1,2,5,475,,10,100.00,,
25186,1,1,2,5,400,,18,100.00,,
25187,1,1,2,5,400,,18,100.00,,
25188,1,44,2,3,,,,100.00,,
25189,1,1,2,10,350,,55,100.00,,
25190,1,1,2,5,400,,20,108.00,,
25191,1,1,2,5,400,,20,108.00,,
25192,1,1,2,5,400,,20,108.00,,
25193,1,1,2,5,400,,20,108.00,,
25194,1,1,2,5,400,,20,108.00,,
25195,1,1,2,5,400,,20,108.00,,
25196,1,1,2,10,425,1,,100.00,,
25197,1,1,2,10,425,1,,100.00,,
25198,1,1,2,10,425,1,,100.00,,
25199,1,66,2,10,425,,35,100.00,,
25200,1,1,2,10,425,,35,100.00,,
25201,1,1,2,10,375,,35,100.00,,
25202,1,1,2,10,350,,20,100.00,,
25203,1,1,2,10,350,,35,100.00,,
25204,1,1,2,10,425,1,,100.00,,
25205,1,16,2,10,425,,35,100.00,,
25206,1,1,2,10,375,,30,100.00,,
25207,1,1,2,10,375,,10,100.00,,
25208,1,1,1,10,375,,12,15.00,,"1 1/2 hours"
25209,1,14,2,10,,,,100.00,,
25210,1,1,2,10,,,,100.00,,
25211,1,1,2,10,,,,100.00,,
25212,1,1,2,10,425,1,,100.00,,
25213,1,1,2,10,350,,10,100.00,,
25214,1,16,2,10,,,,100.00,,
25215,1,1,2,10,375,,35,100.00,,
25216,1,1,2,10,325,,30,100.00,,
25217,1,31,2,10,,,,100.00,,
25218,1,31,2,10,,,,100.00,,
25219,1,31,2,10,,,,100.00,,
25220,1,31,2,10,,,,100.00,,
25221,1,1,2,10,350,,25,100.00,,
25222,1,1,2,10,375,,30,100.00,,
25223,1,1,2,10,375,,40,100.00,,
25224,1,1,2,1,425,,45,100.00,,
25225,1,16,2,1,375,,15,100.00,,
25226,1,16,2,1,375,,15,100.00,,
25227,1,16,2,1,375,,15,100.00,,
25228,1,16,2,1,,,,100.00,,
25229,1,16,2,1,,,,100.00,,
25230,1,16,2,1,,,,100.00,,
25231,1,16,2,1,,,,100.00,,
25232,1,16,2,1,,,,100.00,,
25233,1,44,2,1,,1,45,100.00,,
25234,1,16,2,1,400,,30,100.00,,
25235,1,16,2,1,400,,30,100.00,,
25236,1,16,2,1,400,,35,100.00,,
25237,1,16,2,1,400,,30,100.00,,
25238,1,16,2,1,,,,100.00,,
25239,1,16,2,1,,,,100.00,,
25240,1,16,2,1,,,,100.00,,
25241,1,16,2,1,,,,100.00,,
25242,1,16,2,1,,,,100.00,,
25243,1,16,2,1,,,,100.00,,
25244,1,1,2,1,450,,30,100.00,,
25245,1,1,2,1,450,,30,100.00,,
25246,1,44,2,2,,1,,100.00,,
25247,1,16,2,2,,1,,100.00,,
25248,1,1,2,1,375,,30,100.00,,
25249,1,16,2,1,,,,100.00,,
25250,1,16,2,1,,,,100.00,1.00,
25251,1,16,2,2,,,,100.00,,
25252,1,16,2,1,,,,100.00,,
25253,1,1,2,1,350,,45,100.00,,
25254,1,1,2,1,350,,45,100.00,,
25255,1,16,2,3,,,,100.00,,
25256,1,16,2,2,,,,100.00,,
25257,1,1,2,1,350,1,15,100.00,,
25258,1,16,2,11,,,,100.00,,
25259,1,1,2,1,400,,45,100.00,,
25260,1,1,2,1,450,,15,100.00,,
25261,1,1,2,1,475,,15,100.00,,
25262,1,1,2,1,400,,50,100.00,,
25263,1,1,2,1,350,,25,100.00,,
25264,1,16,2,1,350,,20,100.00,,
25265,1,16,2,1,,,,100.00,,
25266,1,16,2,1,,,,100.00,,
25267,1,16,2,1,,,,100.00,,
25268,1,16,2,1,350,,30,100.00,,
25269,1,31,2,7,,,,100.00,,
25270,1,31,2,7,,,,100.00,,
25271,1,31,2,7,,,,100.00,,
25272,1,31,2,7,,,,100.00,,
25273,1,31,2,7,,,,100.00,,
25274,1,31,2,7,,,,100.00,,
25275,1,,2,8,,,,100.00,,
25276,1,31,2,7,,,,100.00,,
25277,1,31,2,7,,,,100.00,,
25278,1,31,2,13,,,,128.00,,
25279,1,31,2,13,,,,128.00,,
25280,1,31,2,13,,,,128.00,,
25281,1,31,2,13,,,,128.00,,
25282,1,16,2,1,,,,100.00,,
25283,1,31,2,1,,,,100.00,,
25284,1,16,2,1,400,,8,100.00,,
25285,1,16,2,1,,,,100.00,,
25286,1,1,2,1,400,,30,100.00,,
25287,1,1,2,1,400,,15,100.00,,
25288,1,,2,1,,,,100.00,,
25289,1,44,2,13,,,20,128.00,,
25290,1,44,2,13,,,15,128.00,,
25291,1,16,2,13,,,,100.00,,
25292,1,44,2,13,,,,128.00,,
25293,1,31,2,13,,,,128.00,,
25294,1,44,2,13,,,,128.00,,
25295,1,16,2,13,,,,128.00,,
25296,1,44,2,6,,,,100.00,,
25297,1,44,1,6,,,30,100.00,,
25298,1,44,2,6,,,,100.00,,
25299,1,44,2,6,,,,100.00,,
25300,1,1,2,2,350,2,15,100.00,,
25301,1,1,2,3,350,,25,100.00,,
25302,1,1,2,2,350,,30,100.00,,
25303,1,49,2,4,,,4,100.00,,
25304,1,16,2,10,375,,50,100.00,,
25305,1,16,2,2,,,,100.00,,
25306,1,16,2,4,,,,100.00,,
25307,1,1,2,3,375,,20,100.00,,
25308,1,1,2,3,350,,45,100.00,,
25309,1,16,2,2,350,,30,100.00,,
25310,1,1,2,3,,,45,100.00,,
28000,1,1,1,10,350,,50,4.00,,
28001,1,16,1,1,,,,4.00,,
28002,1,1,1,3,450,,20,2.00,,
28003,1,1,1,1,350,,20,2.00,,
28004,1,1,1,5,375,,20,8.00,,
28005,1,1,1,5,350,,45,16.00,,
28006,1,30,1,2,,,45,4.00,,
28007,1,16,1,1,,,,4.00,,
28008,1,,1,1,,,,1.00,,
28009,1,16,1,1,,,,4.00,,
28010,1,,1,1,,,,4.00,,
28011,1,,1,13,,,,4.00,,
28012,1,52,1,7,,,,4.00,,
28013,1,16,1,1,,,,4.00,,
28014,1,16,1,1,,,,4.00,,
28015,1,1,1,10,350,,30,4.00,,
28016,1,1,1,10,350,,45,6.00,,
28017,1,16,1,10,,,,6.00,,
28018,1,16,1,1,,,,4.00,,
28019,1,16,1,3,,,,4.00,,
28020,1,1,1,1,450,,12,4.00,,
28021,1,16,1,2,,,12,4.00,,
28022,1,52,1,7,,,,4.00,,
28023,1,1,1,1,400,,10,4.00,,
28024,1,52,1,7,,,,4.00,,
28025,1,1,1,1,450,,16,4.00,,
28026,1,1,1,1,425,,20,4.00,,
28027,1,16,1,10,,,,4.00,,
28028,1,16,1,1,,,,4.00,,
28029,1,1,1,10,350,,40,4.00,,
28030,1,16,1,10,,,,4.00,,
28031,1,16,1,2,,,,4.00,,
28032,1,,1,7,,,,4.00,,
28033,1,16,1,4,,,20,4.00,,
28034,1,16,1,1,,2,,4.00,,
28035,1,28,1,1,,,10,4.00,,
28036,1,44,1,6,,,22,6.00,,
28037,1,44,1,6,,,22,6.00,,
28038,1,44,1,6,,,20,4.00,,
28039,1,44,1,1,,2,,4.00,,
28040,1,44,1,2,,2,,5.00,,
28041,1,30,1,3,,,45,4.00,,
28042,1,30,1,2,,,30,4.00,,
28043,1,44,1,9,,,15,4.00,,
28044,1,30,1,3,,,10,4.00,,
28045,1,16,1,3,,,25,4.00,,
28046,1,1,1,2,325,,15,6.00,,
28047,1,30,1,4,,,15,4.00,,
28048,1,30,1,4,,,,6.00,,
28049,1,16,1,4,,,20,4.00,,
28050,1,1,1,10,350,,45,8.00,,
28051,1,44,1,6,,,55,6.00,,
28052,1,1,1,1,325,,30,4.00,,
28053,1,52,1,7,,,,4.00,,
28054,1,44,1,6,,1,30,10.00,,
28055,1,16,1,1,,,,4.00,,
28056,1,16,1,1,,,5,4.00,,
28057,1,28,1,1,,,,4.00,,
28058,1,1,1,1,,,15,4.00,,
28059,1,31,1,7,,,,4.00,,
28060,1,44,1,1,,,15,6.00,,
28061,1,30,1,3,,,40,4.00,,
28062,1,16,1,1,,,35,4.00,,
28063,1,31,1,12,,,,4.00,,
28064,1,41,1,1,,,,4.00,,
28065,1,6,1,2,,,,4.00,,
28066,1,30,1,3,,,40,4.00,,
28067,1,1,1,10,350,,30,4.00,,
28068,1,1,1,1,375,,25,4.00,,
28069,1,1,1,10,350,,40,6.00,,
28070,1,1,1,3,350,,20,4.00,,
28071,1,47,1,4,,,10,4.00,,
28072,1,47,1,4,,,,4.00,,
28073,1,6,1,1,,,12,4.00,,
28074,1,52,1,7,,,,4.00,,
28075,1,16,1,1,,,10,4.00,,
28076,1,16,1,1,,,10,4.00,,
28077,1,49,1,4,,,,4.00,,
28078,1,1,1,1,350,,20,4.00,,
28079,1,1,1,1,400,,30,4.00,,
28080,1,16,1,1,,,10,4.00,,
28081,1,16,1,8,350,,10,4.00,,
28082,1,16,1,1,,,,4.00,,
28083,1,1,1,1,375,,10,4.00,,
28084,1,44,1,1,,,,4.00,,
28085,1,1,1,1,350,,30,6.00,,
28086,1,6,1,4,,,,4.00,,
28087,1,1,1,5,350,,30,10.00,,
28088,1,1,1,10,350,,45,10.00,,
28089,1,1,1,10,350,,45,10.00,,
28090,1,1,1,1,,,,4.00,,
28091,1,16,1,1,,,,4.00,,
28092,1,1,1,10,375,,25,12.00,,
28093,1,,1,2,,,,4.00,,
28094,1,16,1,1,,,,4.00,,
28095,1,16,1,8,,,,4.00,,
28096,1,44,1,1,,,25,4.00,,
28097,1,16,1,4,,,5,4.00,,
28098,1,1,1,10,350,,40,4.00,,
28099,1,1,1,10,350,,30,8.00,,
28100,1,1,1,10,350,,50,12.00,,
28500,1,31,1,10,,,,4.00,,"5 minutes"
28501,1,,1,10,325,,45,12.00,,"1 1/2 hours"
28502,1,16,1,1,425,,35,4.00,,"50 minutes"
28503,1,1,1,10,,,,12.00,,"5 hours"
28504,1,29,1,1,,,,4.00,,"20 minutes"
28505,1,16,1,1,,,,4.00,,"45 minutes"
28506,1,16,1,1,,,,5.00,,"1 hour"
28507,1,16,1,1,,,,6.00,,"40 minutes"
28508,1,49,1,1,,,,4.00,,"45 minutes"
28509,1,1,1,10,425,,12,6.00,,"1 hour"
28510,1,31,1,7,,,,12.00,,"30 minutes"
28511,1,1,1,10,350,,15,24.00,,"30 minutes"
28512,1,1,1,10,350,1,10,24.00,,
28513,1,16,1,1,,,,6.00,,"45 minutes"
28514,1,1,1,1,375,1,,10.00,,"1 hour 20 minutes"
28515,1,16,1,1,,,,6.00,,"45 minutes"
28516,1,48,1,1,,,,6.00,,"45 minutes"
28517,1,1,1,10,350,,55,16.00,,"1 hour 45 minutes"
28518,1,16,1,1,,,,6.00,,"45 minutes"
28519,1,16,1,1,,,,4.00,,"35 minutes"
28520,1,1,1,1,375,,15,4.00,,"1 hour"
28521,1,16,1,1,,,,6.00,,"45 minutes"
28522,1,52,1,8,,,,6.00,,"30 minutes"
28523,1,31,1,8,,,,4.00,,"30 minutes"
28524,1,16,1,1,,,,4.00,,
28525,1,1,1,1,375,,40,4.00,,"1 hour"
28526,1,12,1,1,,,8,4.00,,"30 minutes"
28527,1,49,1,1,,,,4.00,,"45 minutes"
28528,1,1,1,10,375,,30,16.00,,"3 hours"
28529,1,1,1,10,350,1,,12.00,,"4 hours"
28530,1,1,1,10,350,,25,8.00,,"45 minutes"
28531,1,1,1,10,350,1,15,16.00,,"2 1/2 hours"
28532,1,1,1,10,375,,15,12.00,,
28533,1,16,1,1,,,,4.00,,"35 minutes"
28534,1,44,1,3,,,,8.00,,"1 hour"
28535,1,1,1,5,350,,40,18.00,,
28536,1,16,1,10,425,,30,10.00,,
28537,1,31,1,7,,,,6.00,,"2 1/2 hours"
28538,1,31,1,10,,,,12.00,,
28539,1,1,1,1,450,,15,4.00,,"30 minutes"
28540,1,12,1,1,,,8,4.00,,"30 minutes"
28541,1,16,1,1,,2,,4.00,,"2 1/2 hours"
28542,1,1,1,5,400,,15,12.00,,"2 hours"
28543,1,1,1,5,350,1,15,12.00,,"4 hours"
28544,1,48,1,1,,,,4.00,,"40 minutes"
28545,1,1,1,10,350,,20,24.00,,
28546,1,16,1,1,,,,4.00,,"30 minutes"
28547,1,16,1,1,,,,4.00,,"30 minutes"
28548,1,31,1,10,,,,9.00,,"5 hours"
28549,1,16,1,2,,,,8.00,,
28550,1,16,1,1,,,5,6.00,,"1 hour"
28551,1,48,1,1,,,,6.00,,"1 hour"
28552,1,29,1,5,425,,40,8.00,,"1 hour"
28553,1,1,1,3,325,,45,24.00,,
28554,1,1,1,3,350,,20,10.00,,"1 1/2 hours"
28555,1,16,1,1,375,,35,8.00,,"1 hour"
28556,1,1,1,10,375,,30,16.00,,"2 1/4 hours"
28557,1,16,1,1,,,,6.00,,"1 hour"
28558,1,16,1,1,,,,4.00,,"40 minutes"
28559,1,1,1,1,350,,45,6.00,,"1 1/4 hours"
28560,1,44,1,6,,,,12.00,,"45 minutes"
28561,1,44,1,6,,,,10.00,,"1 hour"
28562,1,1,1,10,350,,45,16.00,,"3 hours"
28563,1,1,1,1,350,,40,6.00,,"1 hour"
28564,1,1,2,10,350,,12,100.00,,
28565,1,1,1,10,400,,15,24.00,,"2 hours"
28566,1,44,1,6,,,,10.00,,"45 minutes"
28567,1,16,1,1,,,,4.00,,"40 minutes"
28568,1,44,1,6,,,,8.00,,"30 minutes"
28569,1,1,1,1,350,,40,6.00,,"1 1/2 hours"
28570,1,16,1,1,,,,6.00,,"1 hour"
28571,1,31,1,10,,,,9.00,,
28572,1,16,1,10,,,,6.00,,"2 1/2 hours"
28573,1,16,1,1,,,,4.00,,"30 minutes"
28574,1,40,1,1,325,1,,8.00,,"1 3/4 hours"
28575,1,1,1,4,350,2,,12.00,,"2 1/2 hours"
28576,1,52,1,7,,,,12.00,,"20 minutes"
28577,1,16,1,10,350,1,15,14.00,,"2 hours"
28578,1,1,1,1,375,1,20,4.00,,"1 3/4 hours"
28579,1,49,1,1,,,,6.00,,"40 minutes"
28580,1,48,1,1,,,,6.00,,"1 1/2 hours"
28581,1,16,1,1,,,,4.00,,"1 hour"
28582,1,16,1,1,,,,4.00,,"25 minutes"
28583,1,16,1,1,,,,4.00,,"30 minutes"
28584,1,16,1,1,,,,4.00,,"35 minutes"
28585,1,16,1,3,,,,5.00,,"30 minutes"
28586,1,16,1,1,,,,6.00,,"1 1/4 hours"
28587,1,1,1,1,400,,25,12.00,,"1 hour"
28588,1,1,1,1,375,,40,8.00,,"1 1/2 hours"
28589,1,52,1,8,,,,4.00,,"1 hour"
28590,1,44,1,6,,,,12.00,,"2 1/4 hours"
28591,1,16,1,2,,,,4.00,,"20 minutes"
28592,1,16,1,1,,,,6.00,,"45 minutes"
28593,1,44,1,1,,,,6.00,,
28594,1,49,1,1,,,,4.00,,"45 minutes"
28595,1,44,1,6,,,,12.00,,"2 hours"
28596,1,1,1,1,400,,10,4.00,,"45 minutes"
28597,1,16,1,1,,,,6.00,,"1 hour"
28598,1,44,1,6,,,,8.00,,"45 minutes"
28599,1,16,1,1,,,,4.00,,"1 hour"
28600,1,16,1,1,,,,6.00,,"1 1/2 hours"
29001,1,1,2,1,350,,20,10.00,,
29002,1,1,2,1,350,,30,10.00,,
29003,1,1,2,4,350,,30,10.00,,
29004,1,1,2,4,350,,30,10.00,,
29005,1,1,2,4,350,,30,10.00,,
29006,1,1,2,4,350,,30,10.00,,
29007,1,1,2,4,350,,30,10.00,,
29008,1,1,2,4,350,,30,10.00,,
29009,1,1,2,4,350,,30,10.00,,
29010,1,1,2,4,350,,30,10.00,,
29011,1,1,2,4,350,,30,10.00,,
29012,1,1,2,4,350,,30,10.00,,
29013,1,1,2,4,350,,30,10.00,,
29014,1,1,2,3,350,,20,10.00,,
29015,1,1,2,1,350,,40,10.00,,
29016,1,1,2,1,350,,30,10.00,,
29017,1,1,2,1,350,,30,10.00,,
29018,1,1,2,1,350,,30,10.00,,
29019,1,1,2,1,350,,30,10.00,,
29020,1,1,2,1,350,,30,10.00,,
29021,1,1,2,1,350,,30,10.00,,
29022,1,1,2,1,350,,40,10.00,,
29023,1,1,2,1,350,,30,10.00,,
29024,1,1,2,5,350,,30,10.00,,
29025,1,1,2,3,350,,20,10.00,,
29026,1,1,2,3,350,,30,10.00,,
29027,1,1,2,2,350,,30,10.00,,
29028,1,1,2,1,350,,50,10.00,,
29029,1,1,2,1,350,,50,10.00,,
29030,1,1,2,1,350,,30,8.00,,
29031,1,1,2,1,350,,60,8.00,,
29032,1,1,2,1,350,,55,8.00,,
29033,1,1,2,1,350,,55,8.00,,
29034,1,1,2,1,350,,55,8.00,,
29035,1,1,2,1,350,,,10.00,,
29036,1,1,2,1,350,,35,10.00,,
29037,1,1,2,1,350,,35,10.00,,
33067,1,1,1,1,400,,12,8.00,,"27 minutes"
33068,1,44,1,1,,2,,8.00,,"2 hours 20 minutes"
33069,1,1,1,1,300,,30,4.00,,"50 minutes"
33070,1,1,1,1,350,,20,4.00,,"23-35 minutes"
33071,1,1,1,1,350,,35,4.00,,"60 minutes"
33072,1,,1,8,,,15,4.00,,"30"
33073,1,49,1,1,,,30,4.00,,"50 minutes"
33074,1,1,1,1,,,15,4.00,,"22 minutes"
33075,1,1,1,1,350,,25,4.00,,"40 minutes"
33076,1,1,1,1,350,,20,4.00,,"35 minutes"
33077,1,,1,8,,,,4.00,,"25"
33078,1,,1,8,,,,4.00,,"33 minutes"
33079,1,1,1,2,350,,30,4.00,,"5 minutes"
33080,1,16,1,3,,,5,4.00,,"10 minutes"
33081,1,29,1,2,,,10,4.00,,"5 minutes"
33082,1,6,1,3,,,15,4.00,,"20 minutes"
33083,1,1,1,3,450,,30,4.00,,"15 minutes"
33084,1,,1,13,,,,8.00,,"10 minutes"
33085,1,,1,2,,,10,4.00,,"15 minutes"
33086,1,,1,10,,,4,4.00,,"5 minutes"
33087,1,,1,2,,,15,4.00,,"25 minutes"
33088,1,1,1,1,425,,40,4.00,,"15 minutes"
33089,1,,1,2,,,15,4.00,,"10 minutes"
33090,1,29,1,10,,,35,8.00,,"15 minutes"
33091,1,1,1,10,350,,15,8.00,,"20 minutes"
33092,1,1,1,10,350,,20,8.00,,"20 minutes"
33093,1,1,1,10,350,,35,8.00,,"20 minutes"
33094,1,29,1,10,,,40,8.00,,"15 minutes"
33095,1,1,1,10,375,,10,8.00,,"15 minutes"
33096,1,1,1,3,400,,20,8.00,,"10 minutes"
33097,1,1,1,1,400,,14,4.00,,"23-29 minutes"
33098,1,49,1,1,,,25,4.00,,"31 minutes"
33099,1,1,1,1,400,,30,4.00,,"45 minutes"
33100,1,1,1,1,350,,60,4.00,,"70 minutes"
33101,1,44,1,1,,,70,4.00,,"100 minutes"
33102,1,49,1,1,,,10,4.00,,"25 minutes"
33103,1,27,1,1,,,10,4.00,,"25 minutes"
33104,1,1,1,3,400,,45,4.00,,"30-65 minutes"
33105,1,44,1,6,,,40,4.00,,"65 minutes"
33106,1,44,1,6,,,15,8.00,,"40"
34222,1,49,2,1,,,,25.00,,
34224,1,1,2,1,300,,40,100.00,,
34225,1,16,2,1,,,,50.00,,
34226,1,16,2,1,,,,50.00,,
34227,1,49,2,1,,,,25.00,,
34228,1,44,2,3,,,,36.00,,
34229,1,44,2,6,,,,100.00,,
34230,1,47,2,3,,,,50.00,,
34231,1,47,2,1,,,,100.00,,
34232,1,16,2,3,,,,110.00,,
34233,1,1,2,4,325,,45,12.00,,
34234,1,1,2,1,350,,30,50.00,,
34235,1,1,2,3,,,,50.00,,
34237,1,16,2,1,,,,12.00,,
34238,1,16,2,1,,,,50.00,,
34239,1,47,2,4,,,,50.00,,
34240,1,49,2,1,,,,50.00,,
34241,1,47,2,3,,,,50.00,,
34242,1,16,2,1,,,30,24.00,,
34243,1,16,2,1,,,,120.00,,
34244,1,17,2,3,,,,50.00,,
34245,1,16,1,3,,,,25.00,,
34246,1,16,2,3,,,,24.00,,
34247,1,1,2,1,,,,50.00,,
34248,1,16,2,1,,,,25.00,,
34249,1,1,2,1,450,,20,150.00,,
34250,1,1,2,3,350,2,,25.00,,
34251,1,16,2,3,,,25,6.00,,
34252,1,44,2,1,,,,100.00,,
34255,1,28,2,1,225,,10,40.00,,
34256,1,29,2,1,,,,48.00,,
34257,1,1,2,1,300,,25,32.00,,
34258,1,44,2,1,,,,50.00,,
34260,1,44,2,13,,1,30,150.00,,
34261,1,48,2,1,,,45,45.00,,
34262,1,48,2,1,,,,24.00,,
34263,1,17,2,1,,,,100.00,,
34264,1,44,2,6,,,,100.00,,
34265,1,44,2,6,,,,50.00,,
34266,1,16,2,1,,,,50.00,,
34267,1,16,2,6,,,,105.00,,
34268,1,1,2,3,325,,20,50.00,,
34269,1,16,2,3,,,,34.00,,
34270,1,47,2,2,,1,15,50.00,,
34271,1,28,2,1,,,5,15.00,,
34272,1,28,2,1,,,15,50.00,,
34273,1,1,2,1,325,,15,34.00,,
34274,1,44,2,3,,,,100.00,,
34276,1,,2,1,,,,24.00,,
34277,1,52,2,7,,,,25.00,,
34278,1,27,2,1,,,,90.00,,
34279,1,49,2,1,,,,50.00,,
34280,1,44,2,1,,,20,170.00,,
34281,1,16,2,1,,,,100.00,,
34282,1,44,2,1,,,40,75.00,,
34283,1,44,2,1,,,,50.00,,
34285,1,16,2,1,,,,50.00,,
34286,1,16,2,1,,,,100.00,,
34287,1,28,2,1,,,10,25.00,,
34288,1,1,2,1,400,,45,48.00,,
34290,1,1,2,1,400,,45,96.00,,
34292,1,1,2,1,300,,35,48.00,,
34293,1,1,2,1,350,,30,50.00,,
34294,1,28,2,1,,,15,50.00,,
34295,1,44,2,1,170,,20,25.00,,
34298,1,1,2,1,325,1,10,100.00,,
34299,1,1,1,1,350,1,15,108.00,,
34300,1,16,2,1,,,,50.00,,
34302,1,1,2,1,350,,50,16.00,,
34303,1,1,2,5,375,,,25.00,,
34304,1,49,2,1,,,,200.00,,
34305,1,1,2,10,425,,20,72.00,,
34306,1,1,2,1,350,1,,25.00,,
34307,1,16,2,1,,,,24.00,,
34308,1,16,2,1,,,,50.00,,
34311,1,1,2,1,400,,30,50.00,,
34313,1,1,2,1,350,,20,40.00,,
34314,1,1,2,1,350,1,30,24.00,,
34315,1,1,2,1,350,,35,40.00,,
34316,1,16,2,1,,,,25.00,,
34317,1,1,2,1,350,,45,12.00,,
34318,1,16,2,1,,,,50.00,,
34319,1,1,2,2,350,,50,24.00,,
34320,1,16,2,1,,,,50.00,,
34321,1,1,2,1,350,1,,48.00,,
34322,1,1,2,1,350,,40,36.00,,
34323,1,1,2,1,325,1,,48.00,,
34324,1,1,2,1,350,1,,48.00,,
34325,1,1,2,1,300,,40,100.00,,
34326,1,1,2,2,350,1,,100.00,,
34327,1,1,2,1,300,,55,96.00,,
34329,1,16,2,1,,,,100.00,,
34330,1,16,2,1,,,,50.00,,
34331,1,27,2,2,,,5,100.00,,
34332,1,16,2,1,160,,,50.00,,
34339,1,16,1,1,,,,50.00,,
34340,1,27,2,2,,,10,50.00,,
34341,1,1,2,1,,,,50.00,,
34342,1,1,2,10,350,,45,40.00,,
34343,1,1,2,3,325,,55,48.00,,
34345,1,1,2,1,350,,45,110.00,,
34346,1,1,2,3,350,,30,12.00,,
34347,1,47,2,2,,,10,120.00,,
34349,1,1,2,3,,,,50.00,,
34351,1,1,2,2,325,1,,20.00,,
34352,1,16,1,4,,,,50.00,,
34353,1,44,2,1,,,30,25.00,,
34354,1,1,2,11,350,,,50.00,,
34355,1,44,2,1,,,30,120.00,,
34356,1,1,2,1,350,1,50,40.00,,
34359,1,16,2,1,,,,50.00,,
34360,1,49,2,4,,,,25.00,,
34362,1,1,2,1,,,,50.00,,
34363,1,16,2,1,,,,112.00,,
34364,1,1,2,1,300,2,30,96.00,,
34365,1,1,2,1,425,1,,33.00,,
34366,1,16,2,1,,,,100.00,,
34367,1,16,2,6,,,,50.00,,
34368,1,1,2,1,325,,20,28.00,,
34369,1,44,2,2,,,30,25.00,,
34370,1,1,2,1,350,,35,24.00,,
34371,1,44,2,1,,,10,100.00,,
34372,1,1,2,1,300,,10,50.00,,
34380,1,16,2,1,,,20,25.00,,
34381,1,47,2,1,,,10,100.00,,
34382,1,16,2,1,,,,25.00,,
34386,1,1,2,1,300,,50,50.00,,
34387,1,16,2,1,,,,25.00,,
34394,1,1,2,1,350,,40,53.00,,
34395,1,44,2,1,,,15,100.00,,
34396,1,16,2,1,,,30,67.00,,
34397,1,1,2,1,350,,45,100.00,,
34398,1,1,2,1,375,,25,64.00,,
34399,1,1,2,1,300,,30,50.00,,
34400,1,16,2,1,250,,15,50.00,,
34401,1,47,2,1,,,30,50.00,,
34402,1,1,2,1,350,,30,48.00,,
34414,1,16,2,1,,,15,50.00,,
34415,1,16,2,1,,,30,100.00,,
34416,1,1,2,1,350,,30,50.00,,
34417,1,44,2,13,,,20,220.00,,
34418,1,6,2,13,,,10,224.00,,
34419,1,16,2,13,,,15,224.00,,
34420,1,1,2,4,350,,25,32.00,,
34426,1,1,2,4,350,,30,10.00,,
34427,1,16,2,1,,,40,96.00,,
34433,1,,2,1,,,,50.00,,
34434,1,1,2,1,300,,30,100.00,,
34440,1,1,2,4,350,,35,100.00,,
34441,1,,2,1,,,,96.00,,
34442,1,16,2,6,,,15,125.00,,
34443,1,1,2,1,350,,12,10.00,,
34444,1,,2,1,,,,25.00,,
34445,1,1,2,1,400,,19,20.00,,
34446,1,1,2,1,400,,25,12.00,,
34447,1,1,2,1,350,,30,12.00,,
34448,1,1,2,1,375,,25,24.00,,
34449,1,1,2,1,350,,30,60.00,,
34450,1,44,2,1,,,20,50.00,,
34451,1,28,2,1,,,5,25.00,,
34452,1,16,2,1,,,,64.00,,
34453,1,1,2,1,350,,55,45.00,,
34454,1,1,2,1,350,,50,48.00,,
34455,1,,2,1,,,,25.00,,
34467,1,,2,1,,,,10.00,,
34468,1,1,2,4,350,,30,10.00,,
55751,1,31,1,12,37,,5,4.00,,"10"
55752,1,31,1,13,,,,163.00,,"10"
55753,1,1,1,1,,1,25,8.00,50.00,"1"
55754,1,1,1,1,350,1,,17.00,,"3"
55755,1,31,1,1,,,5,4.00,,"10"
55756,1,1,1,1,350,1,30,8.00,,"1"
55757,1,1,1,1,350,1,,14.00,,"3"
55758,1,31,1,7,,,5,1.00,,"5"
55759,1,1,1,1,350,1,,12.00,,"3"
55760,1,31,1,1,,,5,4.00,,"5"
55761,1,16,1,2,,,25,4.00,,"10"
55762,1,16,1,2,,,20,4.00,,"15"
55763,1,16,1,4,,,25,4.00,,"10"
55764,1,16,1,4,,,30,4.00,,"10"
55765,1,16,1,1,,,30,7.00,,"10"
55766,1,47,1,2,,,35,18.00,,"30"
55767,1,16,1,1,,,5,1.00,,"5"
55768,1,1,1,1,350,1,25,15.00,,"3"
55769,1,1,1,1,,1,25,10.00,,"3"
55770,1,1,1,1,350,1,15,8.00,,"45 min"
55771,1,31,1,2,37,,5,5.00,,"10"
55772,1,29,1,2,,,15,5.00,,"30 min"
55773,1,1,1,1,375,1,,24.00,,"3"
55774,1,1,1,1,375,1,,13.00,,"1"
55775,1,1,1,1,375,1,30,18.00,,"3"
55776,1,1,1,1,375,,30,20.00,,"1"
55943,1,1,1,1,350,1,,16.00,,"3 hours"
